0.000000 -0.8720106 0.0251171 -1.0087273 -0.0022527 -0.0080422 -0.0009743 0.9999647
0.104228 -0.8714471 0.0248567 -0.9798297 -0.0017942 -0.0091804 0.0000427 0.9999563
0.208477 -0.8721318 0.0243110 -0.9522815 -0.0010747 -0.0097534 0.0002996 0.9999518
0.938359 -0.8773111 0.0207686 -0.7561959 0.0030869 -0.0150489 0.0033309 0.9998764
1.042605 -0.8785388 0.0200763 -0.7269250 0.0050331 -0.0156664 0.0022992 0.9998620
1.146853 -0.8798640 0.0194808 -0.6969379 0.0069113 -0.0162121 0.0015078 0.9998435
1.459603 -0.8832158 0.0182232 -0.6004784 -0.0016579 -0.0179733 -0.0011700 0.9998364
1.563854 -0.8841063 0.0177069 -0.5669708 -0.0049171 -0.0184707 -0.0017542 0.9998158
1.772352 -0.8906754 0.0165351 -0.5034625 -0.0007463 -0.0157465 -0.0055450 0.9998603
2.189354 -0.8895817 0.0154832 -0.3606893 -0.0068374 -0.0174928 -0.0049648 0.9998113
2.397855 -0.8852712 0.0177431 -0.2658139 -0.0072866 -0.0248502 -0.0007327 0.9996644
2.606377 -0.8873349 0.0180450 -0.1831566 -0.0043309 -0.0247988 -0.0018292 0.9996814
3.023358 -0.8944414 0.0171388 -0.0084672 0.0048659 -0.0246715 0.0001976 0.9996837
3.231728 -0.9059240 0.0159100 0.0770202 0.0053723 -0.0234975 -0.0004549 0.9997094
3.440232 -0.9145654 0.0145584 0.1690909 0.0072098 -0.0234354 -0.0031782 0.9996943
3.648605 -0.9314548 0.0112945 0.2559313 0.0070606 -0.0209612 -0.0046498 0.9997445
3.856982 -0.9454900 0.0083830 0.3520104 0.0065949 -0.0189627 -0.0057036 0.9997821
4.065354 -0.9604841 0.0031139 0.4401774 0.0045218 -0.0183589 -0.0074736 0.9997933
4.273854 -1.0151689 -0.0092655 0.5104440 0.0009609 -0.0040246 -0.0053925 0.9999769
4.482232 -1.0237124 -0.0110521 0.6071503 -0.0003610 -0.0034545 -0.0058578 0.9999768
4.794755 -1.0591708 -0.0133016 0.7832251 -0.0020183 0.0030841 -0.0077816 0.9999629
5.003109 -1.0554521 -0.0173730 0.8908789 -0.0024173 -0.0011352 -0.0079051 0.9999652
5.211513 -1.0478213 -0.0186387 1.0007173 -0.0039710 -0.0059106 -0.0075626 0.9999461
5.523983 -1.0361104 -0.0191748 1.1691145 -0.0026575 -0.0119572 -0.0092317 0.9998823
5.732480 -1.0096325 -0.0157081 1.2823187 0.0013150 -0.0221020 -0.0090285 0.9997141
5.940858 -1.0092653 -0.0163170 1.3959358 -0.0004718 -0.0243609 -0.0100616 0.9996525
6.149354 -1.0030901 -0.0170287 1.4975386 -0.0003288 -0.0274796 -0.0089702 0.9995821
6.357731 -1.0033952 -0.0185737 1.6028724 0.0018161 -0.0292872 -0.0083052 0.9995349
6.566109 -1.0017653 -0.0198818 1.7073406 0.0050564 -0.0313603 -0.0064392 0.9994746
6.774485 -1.0050567 -0.0214281 1.8164549 0.0054193 -0.0327846 -0.0042052 0.9994389
6.982859 -1.0121664 -0.0238145 1.9255991 -0.0005846 -0.0326060 -0.0033833 0.9994624
7.191236 -1.0205526 -0.0261193 2.0318475 0.0002210 -0.0321813 -0.0014009 0.9994810
7.399507 -1.0285413 -0.0280675 2.1417077 0.0039084 -0.0317740 -0.0015935 0.9994861
7.712108 -1.0410019 -0.0311451 2.3010509 0.0050013 -0.0313673 -0.0052639 0.9994816
7.920378 -1.0488575 -0.0340113 2.4068019 0.0034498 -0.0310877 -0.0061819 0.9994916
8.128736 -1.0538274 -0.0359184 2.5116246 0.0026692 -0.0323220 -0.0044305 0.9994641
8.441112 -1.0643615 -0.0401966 2.6696253 0.0011060 -0.0334822 -0.0030312 0.9994341
8.649487 -1.0742215 -0.0427379 2.7733688 0.0039357 -0.0335771 -0.0036128 0.9994218
8.857735 -1.0830052 -0.0448001 2.8771443 0.0012332 -0.0340735 -0.0053211 0.9994044
9.065987 -1.0924013 -0.0470876 2.9804218 -0.0012408 -0.0345123 -0.0064349 0.9993828
9.274360 -1.1011254 -0.0489643 3.0819936 0.0001857 -0.0349762 -0.0060369 0.9993699
9.482610 -1.1088725 -0.0514267 3.1826947 -0.0000299 -0.0359191 -0.0051498 0.9993414
9.690863 -1.1166621 -0.0536093 3.2783771 -0.0022868 -0.0368161 -0.0041939 0.9993106
9.899109 -1.1252334 -0.0554752 3.3700981 -0.0030272 -0.0386198 -0.0030822 0.9992446
10.107490 -1.1334764 -0.0572713 3.4581060 -0.0022956 -0.0420482 -0.0024873 0.9991099
10.315740 -1.1424954 -0.0584255 3.5418396 -0.0027755 -0.0451702 -0.0029992 0.9989709
10.524110 -1.1527804 -0.0599607 3.6186349 -0.0040695 -0.0466856 -0.0032936 0.9988959
10.732490 -1.1609339 -0.0614886 3.6922865 -0.0047069 -0.0494310 -0.0051928 0.9987530
11.566360 -1.1929276 -0.0672287 3.9348187 0.0000112 -0.0503462 -0.0148682 0.9986212
11.775110 -1.1952138 -0.0681757 3.9849541 -0.0022269 -0.0436051 -0.0152619 0.9989298
12.192740 -1.1988527 -0.0701507 4.0708199 -0.0012446 -0.0143139 -0.0140309 0.9997983
12.610740 -1.1925336 -0.0722968 4.1472626 0.0049670 0.0365483 -0.0096123 0.9992733
12.924370 -1.1804304 -0.0742253 4.2007856 0.0069908 0.0901052 -0.0050809 0.9958948
13.446740 -1.1486037 -0.0774697 4.2804060 0.0070660 0.2034659 -0.0042841 0.9790472
13.655610 -1.1301388 -0.0789479 4.3091664 0.0087113 0.2525330 -0.0030841 0.9675441
13.864360 -1.1092659 -0.0803928 4.3364019 0.0123679 0.3023532 -0.0049607 0.9531028
14.073120 -1.0850852 -0.0818614 4.3620653 0.0140525 0.3543132 -0.0095565 0.9349723
14.281780 -1.0562532 -0.0832196 4.3850060 0.0148600 0.4054700 -0.0073449 0.9139581
14.699110 -0.9892213 -0.0866515 4.4224091 0.0097111 0.5067176 -0.0034570 0.8620505
14.907610 -0.9510325 -0.0884512 4.4364901 0.0083906 0.5542752 -0.0070486 0.8322613
15.116140 -0.9096347 -0.0900375 4.4470749 0.0112307 0.5959550 -0.0090007 0.8028889
15.324240 -0.8641959 -0.0918637 4.4540744 0.0161796 0.6269289 -0.0041854 0.7788972
15.532120 -0.8149935 -0.0936020 4.4608774 0.0163458 0.6497465 -0.0034919 0.7599672
15.739890 -0.7612916 -0.0953044 4.4673738 0.0090821 0.6685205 -0.0050640 0.7436210
15.947760 -0.7034361 -0.0974600 4.4697952 0.0125878 0.6842620 -0.0001873 0.7291276
16.155710 -0.6416525 -0.0993894 4.4710412 0.0169604 0.6957676 -0.0009109 0.7180660
16.363390 -0.5751048 -0.1010564 4.4721775 0.0183486 0.7019938 -0.0025238 0.7119422
16.570990 -0.5028365 -0.1036097 4.4723282 0.0191591 0.7026397 0.0018840 0.7112854
16.778640 -0.4274943 -0.1064127 4.4745588 0.0174420 0.7014567 0.0000671 0.7124986
16.986490 -0.3482440 -0.1091020 4.4765329 0.0178008 0.7007229 -0.0010715 0.7132106
17.194620 -0.2649642 -0.1123852 4.4787755 0.0165709 0.7001441 -0.0008546 0.7138088
17.402740 -0.1783780 -0.1156264 4.4804931 0.0157722 0.7001209 0.0008936 0.7138495
17.610870 -0.0908313 -0.1184924 4.4824858 0.0136964 0.7008687 0.0006247 0.7131585
17.819120 -0.0013042 -0.1212900 4.4839830 0.0135903 0.7016696 0.0035044 0.7123642
18.131620 0.1348079 -0.1256469 4.4870462 0.0152000 0.7028723 -0.0009765 0.7111529
18.444000 0.2765540 -0.1307518 4.4897428 0.0115193 0.7040995 -0.0014306 0.7100065
18.652370 0.3701987 -0.1334982 4.4915257 0.0058774 0.7043412 0.0004190 0.7098371
18.964900 0.5083789 -0.1382714 4.4945498 0.0126980 0.7037780 -0.0047900 0.7102903
19.173270 0.5996965 -0.1416831 4.4963908 0.0136643 0.7032363 -0.0034396 0.7108165
19.381800 0.6909879 -0.1452586 4.4975185 0.0114178 0.7025957 0.0020351 0.7114947
19.694390 0.8241289 -0.1502559 4.5015497 0.0100423 0.7039742 -0.0005151 0.7101543
19.902930 0.9119857 -0.1537185 4.5028610 0.0096166 0.7055058 -0.0009318 0.7086383
20.111410 1.0001593 -0.1567044 4.5040760 0.0084399 0.7069862 -0.0018427 0.7071746
20.319990 1.0864041 -0.1596891 4.5044689 0.0082679 0.7084347 -0.0014356 0.7057265
20.528590 1.1715569 -0.1627786 4.5045538 0.0088008 0.7093829 -0.0015457 0.7047666
20.737490 1.2561551 -0.1659392 4.5044999 0.0086983 0.7104574 -0.0001830 0.7036865
20.945510 1.3387711 -0.1689037 4.5043983 0.0070725 0.7113723 -0.0009332 0.7027791
21.153990 1.4183365 -0.1715048 4.5043745 0.0060777 0.7120453 -0.0008009 0.7021068
21.362520 1.4953548 -0.1742450 4.5039191 0.0080935 0.7121385 -0.0025406 0.7019877
21.571010 1.5709958 -0.1768342 4.5037451 0.0086603 0.7122688 -0.0038590 0.7018427
21.779630 1.6469288 -0.1798674 4.5031972 0.0090520 0.7122949 -0.0028574 0.7018161
21.988560 1.7210034 -0.1827378 4.5036211 0.0069409 0.7125631 -0.0053102 0.7015536
22.196780 1.7955028 -0.1853523 4.5025005 0.0071256 0.7127538 -0.0037913 0.7013678
22.405410 1.8684434 -0.1885503 4.5016685 0.0042157 0.7158462 -0.0059814 0.6982196
22.614140 1.9399188 -0.1905802 4.4990230 0.0087469 0.7201341 -0.0062229 0.6937519
22.822680 2.0127344 -0.1934202 4.4960132 0.0075136 0.7247369 -0.0081465 0.6889367
23.031260 2.0867953 -0.1963034 4.4923868 0.0062772 0.7281739 -0.0089872 0.6853047
23.343940 2.2017798 -0.2004236 4.4852638 0.0041304 0.7310256 -0.0061498 0.6823098
23.552380 2.2806339 -0.2030082 4.4804931 0.0025325 0.7321352 -0.0054773 0.6811326
23.865000 2.4004924 -0.2069466 4.4715347 0.0117223 0.7325127 -0.0045674 0.6806371
24.073430 2.4823120 -0.2098026 4.4660110 0.0109274 0.7328671 -0.0046758 0.6802679
24.386170 2.6047356 -0.2146146 4.4576769 0.0095368 0.7332373 -0.0005541 0.6799057
24.594630 2.6860459 -0.2173565 4.4524651 0.0093370 0.7347499 -0.0022054 0.6782703
24.803130 2.7681675 -0.2200958 4.4460559 0.0100449 0.7360490 -0.0015875 0.6768518
25.115970 2.8920693 -0.2239223 4.4365959 0.0098206 0.7378055 -0.0030184 0.6749352
25.428740 3.0198929 -0.2282317 4.4260149 0.0092389 0.7389503 -0.0029303 0.6736902
25.637140 3.1059322 -0.2310907 4.4187508 0.0059022 0.7399035 -0.0032996 0.6726790
25.845770 3.1929352 -0.2336058 4.4105282 0.0067543 0.7412310 -0.0023789 0.6712118
26.158530 3.3252861 -0.2376475 4.3975968 0.0107010 0.7426386 -0.0045888 0.6695912
26.367040 3.4140823 -0.2408738 4.3884478 0.0134008 0.7428362 -0.0052550 0.6693185
26.575550 3.5040743 -0.2445783 4.3790393 0.0140760 0.7426395 -0.0024710 0.6695389
26.888310 3.6414416 -0.2492895 4.3659482 0.0112742 0.7412003 -0.0003349 0.6711892
27.200890 3.7799532 -0.2536730 4.3540974 0.0110602 0.7397525 -0.0010764 0.6727873
27.409410 3.8722050 -0.2570395 4.3459392 0.0140524 0.7385048 -0.0051137 0.6740825
27.617880 3.9667304 -0.2606092 4.3380866 0.0119124 0.7376826 -0.0037367 0.6750323
27.826410 4.0588727 -0.2639978 4.3303728 0.0114583 0.7371790 -0.0028119 0.6755944
28.139150 4.1992397 -0.2693132 4.3188357 0.0118505 0.7364647 -0.0004126 0.6763721
28.451910 4.3375897 -0.2744550 4.3078055 0.0134063 0.7355974 -0.0022149 0.6772827
28.660380 4.4302769 -0.2781028 4.3018432 0.0081184 0.7356094 -0.0036148 0.6773476
28.973270 4.5663056 -0.2831315 4.2920804 0.0082109 0.7367679 -0.0093228 0.6760316
29.181800 4.6560893 -0.2870950 4.2844601 0.0087550 0.7369894 -0.0085445 0.6757935
29.390270 4.7444820 -0.2913030 4.2772846 0.0108390 0.7373399 -0.0089492 0.6753757
29.703090 4.8743782 -0.2969550 4.2666941 0.0097467 0.7387503 -0.0109034 0.6738205
29.911660 4.9600935 -0.3011808 4.2592974 0.0109310 0.7409801 -0.0125928 0.6713198
30.120140 5.0446501 -0.3056998 4.2510595 0.0110149 0.7431687 -0.0134010 0.6688792
30.328670 5.1285763 -0.3099997 4.2423835 0.0117675 0.7450909 -0.0122603 0.6667464
30.641400 5.2525501 -0.3174228 4.2290478 0.0155655 0.7470807 -0.0186991 0.6642880
30.954260 5.3762822 -0.3250373 4.2144208 0.0116239 0.7499264 -0.0144459 0.6612613
31.162620 5.4563327 -0.3296529 4.2050610 0.0127026 0.7514328 -0.0181210 0.6594384
31.371140 5.5356092 -0.3351860 4.1945720 0.0158899 0.7528583 -0.0193932 0.6577049
31.579630 5.6142216 -0.3404804 4.1849275 0.0179483 0.7545950 -0.0220945 0.6555731
31.788620 5.6919370 -0.3458097 4.1735644 0.0175360 0.7567384 -0.0178408 0.6532390
31.997070 5.7692423 -0.3509253 4.1620855 0.0168801 0.7607720 -0.0165129 0.6485895
32.309930 5.8820276 -0.3583372 4.1419191 0.0170171 0.7708333 -0.0177960 0.6365609
32.518590 5.9564896 -0.3631690 4.1261330 0.0184999 0.7787467 -0.0167167 0.6268428
32.727140 6.0303078 -0.3680561 4.1081824 0.0207870 0.7856761 -0.0139039 0.6181324
32.935760 6.1031585 -0.3732197 4.0887828 0.0239897 0.7909653 -0.0097279 0.6113132
33.144180 6.1759305 -0.3777275 4.0689635 0.0244622 0.7944770 -0.0075262 0.6067547
33.352510 6.2471728 -0.3816325 4.0482202 0.0270325 0.7953872 -0.0007807 0.6054980
33.560850 6.3169136 -0.3856715 4.0291367 0.0298616 0.7956030 -0.0003209 0.6050818
33.873500 6.4203029 -0.3913428 4.0014086 0.0316198 0.7944524 0.0004977 0.6065025
34.081820 6.4873047 -0.3955677 3.9835732 0.0316416 0.7934055 0.0024937 0.6078654
34.289910 6.5527253 -0.3991790 3.9669104 0.0335908 0.7914182 0.0016378 0.6103492
34.498170 6.6178651 -0.4029574 3.9509971 0.0337076 0.7880292 0.0036836 0.6147034
34.706380 6.6810837 -0.4069863 3.9354939 0.0329076 0.7851468 0.0048956 0.6184154
34.914790 6.7439022 -0.4101810 3.9207904 0.0334079 0.7826126 0.0077317 0.6215638
35.123490 6.8056874 -0.4133801 3.9069147 0.0325101 0.7803172 0.0090205 0.6244732
35.331690 6.8661580 -0.4167680 3.8942444 0.0336030 0.7776442 0.0067678 0.6277695
35.539930 6.9259672 -0.4197556 3.8823791 0.0353083 0.7737885 0.0052674 0.6324373
35.748270 6.9850597 -0.4231774 3.8720148 0.0331151 0.7675105 0.0050317 0.6401607
35.956520 7.0433974 -0.4264946 3.8633895 0.0327509 0.7591460 0.0062300 0.6500661
36.164640 7.1013827 -0.4298513 3.8566504 0.0320737 0.7477020 0.0059472 0.6632327
36.372770 7.1594620 -0.4330435 3.8534915 0.0305544 0.7332147 0.0044086 0.6792961
36.685150 7.2452679 -0.4381460 3.8540778 0.0263318 0.7116711 -0.0034321 0.7020108
36.998010 7.3300886 -0.4430993 3.8580849 0.0166666 0.7021993 -0.0103982 0.7117094
37.207180 7.3860998 -0.4462744 3.8589237 0.0111200 0.7089460 -0.0114545 0.7050820
37.520670 7.4677720 -0.4504561 3.8556132 0.0109127 0.7222769 -0.0089939 0.6914594
37.834140 7.5477018 -0.4538123 3.8491280 0.0087998 0.7384585 -0.0098408 0.6741698
38.147940 7.6269865 -0.4571318 3.8386600 0.0088931 0.7532594 -0.0066466 0.6576298
38.460120 7.7029338 -0.4604465 3.8253920 0.0092498 0.7654014 -0.0058227 0.6434603
38.772660 7.7766099 -0.4635199 3.8107517 0.0126981 0.7726007 -0.0045254 0.6347492
39.397920 7.9186492 -0.4692311 3.7813659 0.0138092 0.7765262 -0.0041105 0.6299201
39.710790 7.9914560 -0.4720528 3.7653594 0.0128586 0.7812790 -0.0046955 0.6240318
40.023700 8.0681658 -0.4753034 3.7467995 0.0150629 0.7867485 -0.0039461 0.6170772
40.336550 8.1473799 -0.4785476 3.7260334 0.0178137 0.7918256 -0.0032197 0.6104789
40.649320 8.2289009 -0.4820890 3.7035558 0.0176176 0.7958022 -0.0012984 0.6052989
41.274690 8.3955679 -0.4881452 3.6559792 0.0179135 0.7982883 0.0035558 0.6019986
41.587170 8.4772196 -0.4911765 3.6331589 0.0186043 0.7964793 0.0036153 0.6043687
41.899560 8.5574923 -0.4940961 3.6120832 0.0208967 0.7936914 0.0028931 0.6079547
42.524580 8.7015266 -0.5002813 3.5752678 0.0185679 0.7839429 0.0087728 0.6204932
42.836790 8.7631807 -0.5027401 3.5640650 0.0173595 0.7734463 0.0086451 0.6335651
43.148930 8.8216248 -0.5048537 3.5548484 0.0206037 0.7538634 0.0051319 0.6566880
43.668930 8.9152689 -0.5079899 3.5567200 0.0122211 0.7033949 0.0002355 0.7106942
43.877060 8.9520779 -0.5095431 3.5616767 0.0068197 0.6810570 0.0002979 0.7321986
44.085170 8.9878674 -0.5107465 3.5686467 0.0048570 0.6572510 0.0015184 0.7536546
44.293150 9.0226612 -0.5119513 3.5780387 0.0045972 0.6302943 0.0010982 0.7763419
44.501140 9.0574808 -0.5124717 3.5904655 0.0070344 0.5996501 -0.0008162 0.8002310
44.709450 9.0926437 -0.5132164 3.6068406 0.0065548 0.5643466 -0.0051880 0.8254957
44.917460 9.1272411 -0.5145213 3.6276317 0.0074749 0.5249098 -0.0102557 0.8510633
45.333290 9.1977882 -0.5181444 3.6810255 0.0127730 0.4390152 -0.0070864 0.8983609
45.541680 9.2326355 -0.5201366 3.7174253 0.0086598 0.3941334 -0.0108338 0.9189486
45.749840 9.2664948 -0.5219867 3.7590103 0.0084686 0.3495127 -0.0107509 0.9368317
46.167710 9.3335238 -0.5258050 3.8623621 0.0072802 0.2687321 -0.0095990 0.9631396
46.375430 9.3649549 -0.5273056 3.9235330 0.0051157 0.2374627 -0.0097048 0.9713347
46.584500 9.3951788 -0.5289788 3.9907713 0.0017076 0.2136971 -0.0091920 0.9768552
46.793320 9.4247522 -0.5304274 4.0624585 0.0014325 0.1953863 -0.0055711 0.9807095
47.002150 9.4539986 -0.5318922 4.1392999 0.0016763 0.1777338 -0.0018972 0.9840754
47.210900 9.4810219 -0.5334023 4.2207155 0.0021813 0.1607677 -0.0018477 0.9869881
47.419800 9.5071459 -0.5347257 4.3073053 0.0010199 0.1492042 -0.0037938 0.9887986
47.628840 9.5335922 -0.5361097 4.3971615 -0.0004407 0.1464749 -0.0064725 0.9891931
47.837650 9.5615358 -0.5377906 4.4895568 -0.0001394 0.1461276 -0.0041241 0.9892572
48.046420 9.5909510 -0.5390797 4.5860567 0.0016215 0.1462201 -0.0025961 0.9892473
48.255170 9.6210699 -0.5406735 4.6853061 0.0006841 0.1468536 -0.0024624 0.9891549
48.463660 9.6522894 -0.5418861 4.7871242 -0.0009949 0.1477228 -0.0010196 0.9890278
48.672200 9.6841869 -0.5438197 4.8903208 -0.0005027 0.1481698 -0.0000005 0.9889618
48.880720 9.7159166 -0.5457072 4.9927468 -0.0025351 0.1483878 0.0020563 0.9889238
49.089180 9.7484379 -0.5477063 5.0959015 -0.0032318 0.1483286 0.0035609 0.9889264
49.407810 9.7960529 -0.5504084 5.2486849 -0.0012534 0.1476205 0.0050369 0.9890305
49.714270 9.8420362 -0.5526512 5.4031038 -0.0015825 0.1459461 0.0046418 0.9892804
50.026950 9.8865128 -0.5553465 5.5570979 -0.0017757 0.1441445 0.0040975 0.9895466
50.339430 9.9313087 -0.5575929 5.7103305 -0.0028263 0.1417307 0.0051591 0.9898878
50.652030 9.9746037 -0.5597237 5.8616776 -0.0029783 0.1389469 0.0065242 0.9902739
50.964550 10.0158253 -0.5622836 6.0094142 -0.0032903 0.1360021 0.0076405 0.9906736
51.277040 10.0545378 -0.5641858 6.1517673 -0.0055605 0.1322749 0.0085935 0.9911602
51.589660 10.0890608 -0.5655481 6.2846384 -0.0011528 0.1287130 0.0067872 0.9916580
51.902300 10.1202812 -0.5680971 6.4081120 -0.0049178 0.1236044 0.0079094 0.9922879
52.215240 10.1479864 -0.5696095 6.5232191 -0.0054973 0.1173437 0.0063962 0.9930555
52.527830 10.1705542 -0.5712902 6.6250730 -0.0031174 0.1150763 0.0043110 0.9933424
52.840660 10.1908216 -0.5730761 6.7146416 -0.0000152 0.1132370 0.0036130 0.9935614
53.154550 10.2090788 -0.5747498 6.7962136 -0.0010089 0.1104464 0.0028111 0.9938776
53.465960 10.2245731 -0.5764213 6.8744531 -0.0006284 0.0995582 0.0056966 0.9950153
53.777930 10.2345028 -0.5780950 6.9489818 0.0005159 0.0720423 0.0054177 0.9973868
54.089790 10.2360878 -0.5795496 7.0215173 -0.0015969 0.0272070 0.0042070 0.9996197
54.401580 10.2283773 -0.5807911 7.0919404 -0.0044886 -0.0314803 -0.0004896 0.9994942
54.713450 10.2128010 -0.5810605 7.1548615 -0.0068690 -0.1006541 -0.0067963 0.9948745
55.233280 10.1675205 -0.5812031 7.2486758 -0.0158135 -0.2343507 -0.0107692 0.9719638
55.337310 10.1554089 -0.5805774 7.2655125 -0.0159938 -0.2629561 -0.0117205 0.9646040
55.441330 10.1423235 -0.5800217 7.2814980 -0.0160113 -0.2915156 -0.0134691 0.9563372
55.649410 8.8983107 -1.1576803 7.2493243 -0.0169288 -0.3554137 -0.0129320 0.9344663
55.753570 8.3126163 -1.3700877 7.1872654 -0.0203824 -0.3797540 -0.0130140 0.9247714
55.961860 8.1175318 -1.2932285 7.2332339 -0.0229637 -0.4282787 -0.0125484 0.9032677
56.170220 10.0330534 -0.5777202 7.3586760 -0.0237266 -0.4833022 -0.0130740 0.8750343
56.378550 9.9938450 -0.5761979 7.3727541 -0.0207342 -0.5318663 -0.0169521 0.8464047
57.004560 9.8690462 -0.5731788 7.3930330 -0.0140891 -0.6419870 -0.0186266 0.7663597
57.631790 9.7190933 -0.5664678 7.4001989 -0.0180465 -0.6889091 -0.0200409 0.7243459
57.840730 9.6619692 -0.5639057 7.4015861 -0.0172439 -0.7008334 -0.0136575 0.7129857
58.049450 9.5994492 -0.5614235 7.4001918 -0.0189438 -0.7128554 -0.0113322 0.7009636
58.258220 9.5319948 -0.5591596 7.3951011 -0.0174264 -0.7227326 -0.0167726 0.6907044
58.467090 9.4612465 -0.5566022 7.3892655 -0.0160351 -0.7294406 -0.0188971 0.6835951
58.780440 9.3457556 -0.5519649 7.3794022 -0.0144509 -0.7330954 -0.0216798 0.6796266
59.093910 9.2204199 -0.5464594 7.3686690 -0.0082789 -0.7307845 -0.0266336 0.6820382
59.302920 9.1313972 -0.5427026 7.3632226 -0.0060825 -0.7246868 -0.0293877 0.6884246
59.616490 8.9905767 -0.5373213 7.3579779 -0.0033292 -0.7143503 -0.0317401 0.6990601
59.929310 8.8411188 -0.5317661 7.3573556 -0.0018234 -0.7031724 -0.0340176 0.7102029
60.242110 8.6870956 -0.5255997 7.3619800 -0.0029750 -0.6929609 -0.0364352 0.7200478
60.867330 8.3736210 -0.5140101 7.3801885 -0.0045946 -0.6818501 -0.0351448 0.7306327
61.179820 8.2153025 -0.5084873 7.3903627 -0.0035693 -0.6805241 -0.0352737 0.7318674
61.492290 8.0563040 -0.5025795 7.4000096 -0.0031071 -0.6796327 -0.0358324 0.7326703
61.805110 7.8992434 -0.4978387 7.4105396 -0.0021384 -0.6801329 -0.0356203 0.7322198
62.117440 7.7404370 -0.4926389 7.4204750 -0.0025973 -0.6809139 -0.0379458 0.7313752
62.429920 7.5819197 -0.4861075 7.4314942 -0.0026091 -0.6813852 -0.0383976 0.7309125
62.742660 7.4240594 -0.4804438 7.4416604 -0.0024295 -0.6803171 -0.0395685 0.7318450
63.055520 7.2670989 -0.4744641 7.4531980 -0.0020356 -0.6786354 -0.0393902 0.7334155
63.263940 7.1646185 -0.4705133 7.4608521 -0.0015299 -0.6782203 -0.0386861 0.7338380
63.576570 7.0122995 -0.4650127 7.4716997 -0.0014409 -0.6772097 -0.0391779 0.7347449
63.785050 6.9121728 -0.4609776 7.4798031 -0.0021931 -0.6767557 -0.0393495 0.7351520
64.097830 6.7613764 -0.4551870 7.4929261 -0.0009792 -0.6766441 -0.0372001 0.7353692
64.306310 6.6610627 -0.4514377 7.5009065 -0.0001610 -0.6762257 -0.0371776 0.7357559
64.515140 6.5605483 -0.4483323 7.5095530 -0.0012189 -0.6755571 -0.0371373 0.7363708
64.931710 6.3572063 -0.4406024 7.5271111 -0.0050900 -0.6740240 -0.0360988 0.7378093
65.140170 6.2539964 -0.4368672 7.5357862 -0.0032014 -0.6735106 -0.0358164 0.7383024
65.349010 6.1503696 -0.4329038 7.5443616 -0.0014599 -0.6732851 -0.0342191 0.7385893
65.557260 6.0461521 -0.4295373 7.5527315 -0.0015612 -0.6741434 -0.0350075 0.7377687
65.765550 5.9409122 -0.4258177 7.5616159 -0.0031538 -0.6769443 -0.0337872 0.7352517
66.286540 5.6743884 -0.4164495 7.5768976 -0.0029749 -0.6859543 -0.0362464 0.7267352
66.495070 5.5655832 -0.4124556 7.5817680 -0.0003675 -0.6876829 -0.0345658 0.7251878
66.807680 5.4024158 -0.4077441 7.5891194 -0.0016710 -0.6887823 -0.0315886 0.7242778
67.017940 5.2941208 -0.4046918 7.5938759 -0.0048842 -0.6894655 -0.0325097 0.7235721
67.224690 5.1852274 -0.4008377 7.5983243 -0.0067158 -0.6898836 -0.0340394 0.7230884
67.433190 5.0771971 -0.3964579 7.6022196 -0.0064204 -0.6901037 -0.0354305 0.7228142
67.641720 4.9693651 -0.3925390 7.6066508 -0.0055316 -0.6906819 -0.0355709 0.7222621
68.162850 4.7039218 -0.3826268 7.6147208 -0.0032805 -0.6914385 -0.0350086 0.7215791
68.371230 4.5962634 -0.3785573 7.6185560 -0.0032313 -0.6913489 -0.0347577 0.7216774
68.683820 4.4353733 -0.3728068 7.6242890 -0.0036936 -0.6911690 -0.0353560 0.7218183
68.996320 4.2771063 -0.3671365 7.6298466 -0.0023543 -0.6911581 -0.0356507 0.7218199
69.204680 4.1711802 -0.3633948 7.6333313 -0.0033175 -0.6912014 -0.0370536 0.7217040
69.413100 4.0661521 -0.3594762 7.6366763 -0.0034943 -0.6913431 -0.0379069 0.7215231
69.725600 3.9092293 -0.3532159 7.6406140 -0.0028692 -0.6914364 -0.0390135 0.7213775
70.038070 3.7532499 -0.3468803 7.6458244 0.0028524 -0.6920299 -0.0393424 0.7207903
70.350780 3.5960956 -0.3418221 7.6513238 0.0031622 -0.6897359 -0.0410188 0.7228913
70.663330 3.4407523 -0.3365949 7.6576157 0.0003605 -0.6871437 -0.0416206 0.7253283
71.184470 3.1819742 -0.3266024 7.6704488 0.0029780 -0.6840633 -0.0403257 0.7283010
71.496920 3.0247073 -0.3213934 7.6797676 0.0030089 -0.6837404 -0.0396056 0.7286435
71.913580 2.8175080 -0.3140860 7.6903224 -0.0005275 -0.6847079 -0.0377787 0.7278376
72.121920 2.7118559 -0.3101322 7.6965446 -0.0037768 -0.6855437 -0.0405940 0.7268891
72.434620 2.5537045 -0.3034423 7.7031040 -0.0008614 -0.6851302 -0.0354372 0.7275577
72.747080 2.3962417 -0.2980981 7.7116857 -0.0035446 -0.6851296 -0.0357949 0.7275325
73.059560 2.2388842 -0.2913472 7.7158675 -0.0044448 -0.6862305 -0.0360797 0.7264752
73.267990 2.1330359 -0.2871818 7.7206140 -0.0064761 -0.6885444 -0.0351186 0.7243144
73.476280 2.0273399 -0.2831645 7.7247529 -0.0072358 -0.6912288 -0.0335395 0.7218210
73.684600 1.9225837 -0.2788933 7.7257318 -0.0069997 -0.6928295 -0.0332651 0.7202997
73.892960 1.8172579 -0.2749062 7.7288680 -0.0066250 -0.6946539 -0.0327931 0.7185657
74.101330 1.7112923 -0.2704190 7.7302895 -0.0066791 -0.6961202 -0.0352645 0.7170275
74.414060 1.5547680 -0.2631459 7.7272863 -0.0057531 -0.6962329 -0.0348576 0.7169460
74.622500 1.4509729 -0.2587330 7.7289557 -0.0060456 -0.6970684 -0.0338504 0.7161796
74.830870 1.3498998 -0.2545002 7.7239175 -0.0068980 -0.6972506 -0.0345388 0.7159617
75.039180 1.2484730 -0.2500664 7.7229786 -0.0074757 -0.6982039 -0.0334014 0.7150802
75.247560 1.1481708 -0.2462974 7.7230773 -0.0075087 -0.6995111 -0.0332683 0.7138075
75.456060 1.0497048 -0.2427151 7.7189646 -0.0070446 -0.7010431 -0.0308159 0.7124180
75.768340 0.9031234 -0.2380998 7.7145944 -0.0065623 -0.7035611 -0.0270615 0.7100890
75.976580 0.8040608 -0.2352264 7.7103844 -0.0100712 -0.7050397 -0.0284070 0.7085270
76.185000 0.7058000 -0.2318075 7.7084002 -0.0096892 -0.7057854 -0.0294082 0.7077488
76.393300 0.6071072 -0.2273955 7.7051053 -0.0095535 -0.7060402 -0.0299347 0.7074743
76.601900 0.5128081 -0.2238011 7.7022700 -0.0099442 -0.7060294 -0.0322337 0.7073786
76.810120 0.4189708 -0.2203713 7.7033463 -0.0098251 -0.7080555 -0.0313172 0.7053936
77.226680 0.2439303 -0.2122029 7.6798787 -0.0102449 -0.7079512 -0.0328301 0.7054234
77.436110 0.1546690 -0.2086564 7.6757841 -0.0095677 -0.7098209 -0.0329257 0.7035472
77.643330 0.0668892 -0.2050469 7.6714249 -0.0088746 -0.7117415 -0.0329237 0.7016134
77.851700 -0.0173982 -0.2021417 7.6682048 -0.0087624 -0.7136328 -0.0331755 0.6996791
78.060100 -0.1005348 -0.1989048 7.6637392 -0.0087744 -0.7149723 -0.0343274 0.6982544
78.268580 -0.1794150 -0.1960349 7.6603551 -0.0083983 -0.7160786 -0.0353703 0.6970723
78.894170 -0.3896737 -0.1850900 7.6192851 -0.0051787 -0.7060983 -0.0342899 0.7072642
79.102740 -0.4590578 -0.1828071 7.6129599 -0.0044113 -0.7044081 -0.0342063 0.7089568
79.521320 -0.5812273 -0.1795953 7.5959401 -0.0057363 -0.6994921 -0.0360272 0.7137086
79.728360 -0.6493056 -0.1758648 7.5925517 -0.0057659 -0.6976543 -0.0347721 0.7155670
81.396840 -1.1047858 -0.1566004 7.5259957 -0.0088885 -0.6480610 -0.0318581 0.7608699
82.440360 -1.2632188 -0.1541082 7.5978370 -0.0091957 -0.5975584 -0.0221802 0.8014658
82.857880 -1.3190967 -0.1525932 7.6273098 -0.0114847 -0.5574260 -0.0206338 0.8298907
83.588800 -1.3980252 -0.1521634 7.6995463 -0.0067025 -0.4587812 -0.0153903 0.8883907
84.215120 -1.4656172 -0.1509326 7.7784114 -0.0031488 -0.3430130 -0.0109560 0.9392614
84.423690 -1.4856173 -0.1519347 7.8107448 -0.0029618 -0.3012567 -0.0108415 0.9534768
84.632280 -1.5002170 -0.1532277 7.8419404 0.0003928 -0.2601871 -0.0114255 0.9654905
85.257700 -1.5508388 -0.1547946 7.9806519 0.0028737 -0.1350128 -0.0159837 0.9907108
86.505090 -1.5777026 -0.1638790 8.3662910 0.0072204 -0.0256752 -0.0021460 0.9996420
86.712810 -1.5850421 -0.1662031 8.4401360 0.0064032 -0.0260593 -0.0023447 0.9996371
86.920680 -1.5770650 -0.1657300 8.4975882 0.0070755 -0.0332899 -0.0007786 0.9994204
87.336860 -1.5738826 -0.1637243 8.7096300 0.0118239 -0.0457506 -0.0000990 0.9988829
87.544840 -1.5914209 -0.1686307 8.7837791 0.0069368 -0.0422866 -0.0016882 0.9990800
87.753060 -1.6136682 -0.1768780 8.8559132 0.0055458 -0.0356199 -0.0052619 0.9993362
87.961420 -1.6214265 -0.1793756 8.9377651 0.0060346 -0.0366484 -0.0069359 0.9992859
88.273850 -1.6330996 -0.1830746 9.0649719 0.0040032 -0.0372718 -0.0067194 0.9992746
88.586360 -1.6452532 -0.1858974 9.1888065 0.0020299 -0.0395565 -0.0053225 0.9992011
88.898830 -1.6614566 -0.1893468 9.3022423 0.0004886 -0.0402987 -0.0052926 0.9991735
89.107430 -1.6697378 -0.1904647 9.3714666 0.0009334 -0.0422753 -0.0059566 0.9990878
89.419930 -1.6751502 -0.1946317 9.5284901 0.0039364 -0.0465301 -0.0051056 0.9988961
89.628430 -1.6819725 -0.1967580 9.6047335 0.0009445 -0.0463337 -0.0061500 0.9989066
89.941180 -1.6921530 -0.1997465 9.7174950 0.0009786 -0.0462401 -0.0059719 0.9989120
90.149600 -1.6971326 -0.2019152 9.7858944 0.0022691 -0.0479664 -0.0070941 0.9988212
90.774680 -1.7047600 -0.2081705 9.9839392 -0.0001316 -0.0612683 -0.0056903 0.9981051
90.983300 -1.7124385 -0.2079104 10.0359983 0.0009264 -0.0640525 -0.0058307 0.9979291
91.191720 -1.7229865 -0.2091781 10.0854034 0.0007263 -0.0620686 -0.0067341 0.9980489
92.444850 -1.7377872 -0.2137191 10.3451290 0.0108557 0.0589184 -0.0094407 0.9981591
92.758490 -1.7216406 -0.2158034 10.4028616 0.0111747 0.1161598 0.0000885 0.9931676
93.385200 -1.6723664 -0.2215085 10.5051508 0.0167205 0.2449256 0.0030571 0.9693928
93.594110 -1.6476743 -0.2216199 10.5346355 0.0227979 0.2889359 0.0081908 0.9570419
93.802820 -1.6236895 -0.2234778 10.5651398 0.0239313 0.3373969 0.0032901 0.9410525
94.011550 -1.5957326 -0.2264868 10.5941296 0.0177421 0.3837950 -0.0072461 0.9232194
94.220100 -1.5657817 -0.2267485 10.6124220 0.0246391 0.4285369 -0.0005784 0.9031880
94.428710 -1.5369176 -0.2277285 10.6250448 0.0279577 0.4736202 -0.0018535 0.8802834
94.639870 -1.9316065 -0.1799690 9.6556854 0.0264586 0.3836810 -0.0022476 0.9230838
95.262120 -1.0850482 -0.2751915 10.9831381 0.0077706 0.6950768 -0.0119499 0.7187942
95.469850 -1.0896585 -0.2722019 10.9219608 0.0121136 0.6870909 -0.0040547 0.7264591
95.677890 -1.0657089 -0.2712439 10.8800888 0.0134891 0.6875749 -0.0044715 0.7259744
95.885910 -1.0148060 -0.2719276 10.8659296 0.0193846 0.6978233 -0.0013051 0.7160063
96.509210 -0.8393472 -0.2679783 10.7883129 0.0203770 0.7066016 0.0022967 0.7073144
96.717080 -0.7642167 -0.2655375 10.7807350 0.0183955 0.7068769 0.0015286 0.7070957
96.924880 -0.6823652 -0.2669688 10.7762852 0.0179327 0.7068079 0.0009998 0.7071775
97.132730 -0.5984452 -0.2686369 10.7735910 0.0179041 0.7066581 0.0038518 0.7073182
97.340580 -0.5116082 -0.2710544 10.7733841 0.0168762 0.7041901 0.0054550 0.7097899
97.548460 -0.4243638 -0.2735364 10.7751350 0.0187893 0.7013556 0.0052194 0.7125447
97.756480 -0.3352583 -0.2759039 10.7779512 0.0179792 0.6986392 0.0058485 0.7152244
97.964520 -0.2449940 -0.2788346 10.7822142 0.0189424 0.6962916 0.0045844 0.7174944
98.173950 -0.1529370 -0.2816285 10.7870388 0.0183167 0.6945031 0.0031816 0.7192495
98.380720 -0.0604697 -0.2847840 10.7924833 0.0139093 0.6932185 0.0017768 0.7205911
98.588990 0.0315318 -0.2879152 10.7978210 0.0138101 0.6919962 -0.0007700 0.7217687
98.797260 0.1242728 -0.2909126 10.8034334 0.0135919 0.6914761 -0.0011549 0.7222705
99.005460 0.2184124 -0.2945162 10.8086414 0.0125567 0.6914088 -0.0001820 0.7223546
99.317990 0.3565848 -0.2997049 10.8182583 0.0122567 0.6921092 -0.0000273 0.7216887
99.630630 0.4934775 -0.3041702 10.8276968 0.0090652 0.6940441 -0.0027852 0.7198701
99.943090 0.6274150 -0.3087716 10.8370390 0.0049284 0.6964585 -0.0024251 0.7175761
100.255600 0.7622045 -0.3128008 10.8430700 0.0045361 0.6976063 -0.0017002 0.7164649
100.463900 0.8504328 -0.3152347 10.8459072 0.0076552 0.6973944 -0.0036482 0.7166373
100.776300 0.9820035 -0.3195248 10.8527660 0.0076506 0.6980746 -0.0041008 0.7159724
101.089600 1.1106893 -0.3236642 10.8604136 0.0043615 0.6997926 -0.0028565 0.7143270
101.401500 1.2381440 -0.3274535 10.8655748 0.0054031 0.7004978 -0.0039793 0.7136230
101.714000 1.3649511 -0.3313772 10.8706036 0.0038741 0.6997573 -0.0031859 0.7143630
102.026500 1.4902947 -0.3349408 10.8764505 0.0022318 0.6990044 -0.0030013 0.7151076
102.339000 1.6149501 -0.3384530 10.8827343 0.0031544 0.6993812 -0.0052932 0.7147223
102.651500 1.7356656 -0.3427119 10.8875904 0.0050616 0.6995037 -0.0068185 0.7145786
103.068200 1.8955010 -0.3487616 10.8966742 0.0107109 0.6980085 -0.0064190 0.7159806
103.380700 2.0135412 -0.3534599 10.9033632 0.0080187 0.6958646 -0.0041494 0.7181162
103.693400 2.1296036 -0.3577642 10.9108601 0.0036615 0.6957390 -0.0087220 0.7182325
104.006000 2.2441521 -0.3616111 10.9172564 0.0030734 0.6973189 -0.0093566 0.7166934
104.422700 2.3891811 -0.3667495 10.9246044 0.0022954 0.6980083 -0.0073828 0.7160479
104.735000 2.4940896 -0.3708010 10.9309273 0.0035796 0.6969794 -0.0102490 0.7170089
105.047500 2.5969133 -0.3745797 10.9383583 0.0043803 0.6969670 -0.0101854 0.7170175
105.360200 2.7018497 -0.3780597 10.9452562 0.0029202 0.6973141 -0.0090021 0.7167031
105.777200 2.8358059 -0.3821616 10.9531469 0.0018866 0.7013367 -0.0084381 0.7127777
106.089900 2.9357922 -0.3852630 10.9553547 0.0059681 0.7067048 -0.0107262 0.7074021
106.402800 3.0411065 -0.3889043 10.9567728 0.0047946 0.7125659 -0.0114994 0.7014946
106.819700 3.1899617 -0.3937384 10.9552298 0.0028513 0.7211105 -0.0116369 0.6927165
107.132400 3.3075688 -0.3978218 10.9498367 0.0047937 0.7266951 -0.0104535 0.6868639
107.549200 3.4700773 -0.4015556 10.9420528 0.0078471 0.7329760 -0.0075250 0.6801676
107.965800 3.6478341 -0.4049234 10.9304533 0.0079051 0.7353795 -0.0025911 0.6776045
108.278200 3.7887299 -0.4089742 10.9189224 0.0130094 0.7343773 -0.0022883 0.6786129
108.590400 3.9377391 -0.4135931 10.9081497 0.0159982 0.7312442 0.0033011 0.6819201
108.902600 4.0915837 -0.4178190 10.8987875 0.0166185 0.7260486 0.0056479 0.6874194
109.110700 4.1973152 -0.4208043 10.8938093 0.0175021 0.7222869 0.0050825 0.6913534
109.318900 4.3055763 -0.4241806 10.8907270 0.0159808 0.7189070 0.0057477 0.6948988
109.631400 4.4663024 -0.4292904 10.8868961 0.0211729 0.7163806 -0.0002591 0.6973884
109.943800 4.6294966 -0.4347950 10.8827477 0.0188225 0.7148512 0.0067625 0.6989905
110.152000 4.7359047 -0.4383334 10.8815880 0.0169076 0.7143002 0.0084663 0.6995839
110.361100 4.8426151 -0.4416631 10.8802900 0.0185884 0.7136204 0.0068298 0.7002527
110.568500 4.9497790 -0.4451426 10.8788099 0.0191554 0.7127694 0.0059608 0.7011115
110.776900 5.0566955 -0.4490007 10.8785553 0.0183573 0.7117620 0.0055526 0.7021589
110.985200 5.1627493 -0.4526435 10.8786163 0.0199673 0.7101713 0.0036413 0.7037363
111.193300 5.2692728 -0.4568175 10.8789558 0.0166211 0.7082345 0.0059732 0.7057562
111.401600 5.3737831 -0.4606383 10.8796339 0.0163336 0.7062322 0.0062994 0.7077638
111.609900 5.4775066 -0.4645517 10.8817129 0.0135754 0.7050055 0.0043456 0.7090586
111.818700 5.5809875 -0.4683898 10.8846378 0.0084752 0.7041929 0.0019652 0.7099553
112.026400 5.6835861 -0.4716541 10.8868332 0.0096283 0.7045221 -0.0007566 0.7096164
112.234700 5.7848182 -0.4754944 10.8882484 0.0119051 0.7044016 -0.0035997 0.7096927
112.443000 5.8854899 -0.4793060 10.8895769 0.0114718 0.7046587 -0.0019195 0.7094511
112.651700 5.9856367 -0.4830078 10.8910904 0.0084774 0.7057452 -0.0013935 0.7084137
112.859700 6.0849276 -0.4860583 10.8923378 0.0069088 0.7077200 -0.0033269 0.7064514
113.068100 6.1840568 -0.4897147 10.8929386 0.0057580 0.7105966 -0.0034122 0.7035677
113.276200 6.2830892 -0.4928781 10.8925104 0.0052064 0.7133592 -0.0042833 0.7007661
113.484600 6.3805699 -0.4963465 10.8911047 0.0066079 0.7165369 -0.0054266 0.6974968
113.692900 6.4783549 -0.4997263 10.8884401 0.0060055 0.7210354 -0.0054033 0.6928512
113.901400 6.5765605 -0.5029100 10.8838987 0.0046519 0.7268322 -0.0038799 0.6867884
114.109700 6.6750302 -0.5054634 10.8771858 0.0041260 0.7329217 -0.0023574 0.6802964
114.318100 6.7718339 -0.5080919 10.8697491 0.0040759 0.7392459 -0.0020063 0.6734203
114.526500 6.8697314 -0.5106773 10.8595905 0.0060766 0.7456342 -0.0017321 0.6663256
114.839100 7.0167427 -0.5148727 10.8400869 0.0084896 0.7560105 0.0011404 0.6545033
115.151800 7.1642337 -0.5187276 10.8168173 0.0137322 0.7641887 0.0041662 0.6448331
115.463800 7.3103571 -0.5237414 10.7918682 0.0199286 0.7665158 0.0081654 0.6418642
115.672000 7.4080572 -0.5266945 10.7751513 0.0246261 0.7644582 0.0098503 0.6441274
115.879800 7.5060534 -0.5300236 10.7588930 0.0258434 0.7601163 0.0158543 0.6490793
116.087800 7.6040521 -0.5328838 10.7447901 0.0260045 0.7563713 0.0200293 0.6533185
116.295900 7.7011924 -0.5359097 10.7326574 0.0299725 0.7526430 0.0178196 0.6575049
116.608000 7.8441420 -0.5411797 10.7192936 0.0296853 0.7467397 0.0170435 0.6642349
116.920200 7.9881840 -0.5460379 10.7082405 0.0287820 0.7405635 0.0186492 0.6711106
117.128700 8.0832176 -0.5496512 10.7006197 0.0303673 0.7384979 0.0161426 0.6733782
117.337000 8.1761723 -0.5530367 10.6936073 0.0305024 0.7379564 0.0177598 0.6739247
117.545500 8.2666397 -0.5557430 10.6873579 0.0266519 0.7370272 0.0226925 0.6749561
117.753800 8.3512545 -0.5584191 10.6809912 0.0292963 0.7364849 0.0222597 0.6754526
117.962300 8.4364529 -0.5611622 10.6757994 0.0317370 0.7362759 0.0183073 0.6756889
118.170700 8.5215416 -0.5638285 10.6710711 0.0318930 0.7364107 0.0183335 0.6755339
118.379200 8.6055155 -0.5667524 10.6661730 0.0300314 0.7373223 0.0215494 0.6745291
118.587700 8.6854553 -0.5695896 10.6611567 0.0304517 0.7379014 0.0266913 0.6736926
118.796200 8.7619610 -0.5726386 10.6568260 0.0346850 0.7387128 0.0252377 0.6726539
119.005100 8.8411417 -0.5755420 10.6511068 0.0389729 0.7375211 0.0238067 0.6737781
119.212900 8.9229918 -0.5786110 10.6467104 0.0358296 0.7347428 0.0254966 0.6769189
119.421900 9.0049839 -0.5811684 10.6446228 0.0338544 0.7320217 0.0252015 0.6799728
119.629500 9.0815430 -0.5848435 10.6457472 0.0360268 0.7294552 0.0254770 0.6826040
119.837900 9.1529341 -0.5887457 10.6477995 0.0354676 0.7277436 0.0242538 0.6845020
120.046300 9.2357006 -0.5908061 10.6461201 0.0337356 0.7257782 0.0285165 0.6865091
120.254600 9.3159428 -0.5932499 10.6474419 0.0325137 0.7257827 0.0248647 0.6867052
120.567200 9.4187164 -0.6000395 10.6586637 0.0295263 0.7278011 0.0189989 0.6848889
120.775700 9.4889107 -0.6023122 10.6561165 0.0259512 0.7276794 0.0211924 0.6850986
120.984100 9.5523062 -0.6045552 10.6534338 0.0237843 0.7276803 0.0210136 0.6851818
121.192500 9.6108894 -0.6067922 10.6519737 0.0252052 0.7276915 0.0180144 0.6852045
121.505100 9.6906929 -0.6102629 10.6520157 0.0257827 0.7272256 0.0160404 0.6857265
122.652800 9.9522934 -0.6189799 10.6544857 0.0299170 0.7412269 0.0147161 0.6704260
122.860900 9.9835091 -0.6203266 10.6512737 0.0304384 0.7439727 0.0136040 0.6673777
123.173800 10.0285244 -0.6222575 10.6446466 0.0322929 0.7471871 0.0140874 0.6636792
123.486500 10.0739317 -0.6238132 10.6391668 0.0320955 0.7526450 0.0150406 0.6574718
123.695100 10.1037359 -0.6249648 10.6348248 0.0312580 0.7565296 0.0140936 0.6530600
125.260000 10.3795824 -0.6375934 10.5773811 0.0264107 0.8381009 0.0008704 0.5448748
125.468700 10.4127884 -0.6382014 10.5591030 0.0257805 0.8541475 0.0011166 0.5193902
125.677400 10.4476376 -0.6399702 10.5392256 0.0244963 0.8711893 0.0032332 0.4903250
126.511700 10.5876770 -0.6460488 10.4424229 0.0190004 0.9350924 0.0072649 0.3538198
126.720300 10.6138353 -0.6469372 10.4063911 0.0193171 0.9473993 0.0074180 0.3193846
126.824500 10.6268730 -0.6472722 10.3851805 0.0197795 0.9528568 0.0073600 0.3026857
127.137100 10.6696930 -0.6481798 10.3153124 0.0192348 0.9675368 0.0081002 0.2518668
127.345600 10.6961060 -0.6482310 10.2604437 0.0174668 0.9761648 0.0113000 0.2160311
127.449800 10.7076454 -0.6480365 10.2301006 0.0190034 0.9800252 0.0144067 0.1974381
128.075400 10.7606506 -0.6452018 10.0343313 0.0220855 0.9964715 0.0164152 0.0792934
128.179700 10.7662897 -0.6453962 10.0023680 0.0223238 0.9978813 0.0144110 0.0593875
128.387800 10.7690067 -0.6441889 9.9298449 0.0248916 0.9993048 0.0098198 0.0259592
128.596100 10.7669697 -0.6431856 9.8530731 0.0270752 0.9995662 0.0111988 -0.0029850
128.804200 10.7612200 -0.6420214 9.7754745 0.0266511 0.9991924 0.0132985 -0.0269725
128.908300 10.7570229 -0.6409980 9.7361946 0.0264180 0.9988677 0.0136789 -0.0371262
129.116400 10.7480717 -0.6393810 9.6549759 0.0249041 0.9979858 0.0165914 -0.0559355
129.740800 10.7347212 -0.6321670 9.3986387 0.0184846 0.9928142 0.0217069 -0.1162199
129.948900 10.7208662 -0.6298027 9.3148785 0.0160322 0.9913712 0.0160326 -0.1291084
130.156900 10.7007856 -0.6282772 9.2263746 0.0193702 0.9901450 0.0186874 -0.1374354
130.365000 10.6789360 -0.6255072 9.1344271 0.0235676 0.9892645 0.0175904 -0.1431461
130.573100 10.6564789 -0.6234438 9.0452919 0.0237415 0.9887319 0.0168412 -0.1468397
130.784300 10.6295547 -0.6209369 8.9498892 0.0251308 0.9884872 0.0161190 -0.1483295
130.989400 10.6040268 -0.6183621 8.8545561 0.0266806 0.9887159 0.0163910 -0.1464933
131.197300 10.5795860 -0.6163493 8.7586946 0.0299120 0.9892564 0.0168160 -0.1421064
131.405400 10.5613317 -0.6139739 8.6610737 0.0311720 0.9898877 0.0177751 -0.1372400
131.613500 10.5416136 -0.6117201 8.5644979 0.0310998 0.9906853 0.0178482 -0.1313652
131.821600 10.5206060 -0.6093218 8.4698496 0.0317908 0.9914836 0.0177006 -0.1250452
132.029800 10.5011606 -0.6074507 8.3775463 0.0309480 0.9921692 0.0186792 -0.1195557
132.238000 10.4821100 -0.6054046 8.2872143 0.0304297 0.9926788 0.0200103 -0.1151631
132.448000 10.4646635 -0.6034073 8.2023087 0.0289897 0.9929122 0.0200426 -0.1135041
132.654900 10.4479160 -0.6014603 8.1221085 0.0284722 0.9929820 0.0195332 -0.1131133
132.967600 10.4258747 -0.5994151 8.0106173 0.0278104 0.9926995 0.0199360 -0.1156583
133.280500 10.4044046 -0.5972490 7.9033294 0.0268045 0.9919140 0.0199056 -0.1224415
133.489200 10.3877687 -0.5953981 7.8379483 0.0260580 0.9909875 0.0192105 -0.1299833
133.802200 10.3612823 -0.5931604 7.7429008 0.0251110 0.9880620 0.0194954 -0.1507412
134.115500 10.3287115 -0.5913510 7.6573033 0.0251116 0.9821572 0.0193804 -0.1853676
134.429100 10.2907991 -0.5889951 7.5803223 0.0215526 0.9706956 0.0180974 -0.2386587
134.742800 10.2425432 -0.5873069 7.5124197 0.0213245 0.9523311 0.0145639 -0.3039716
135.056400 10.1845779 -0.5854252 7.4539332 0.0207379 0.9263375 0.0161364 -0.3757769
135.265300 10.1418839 -0.5841101 7.4201899 0.0180518 0.9050819 0.0182956 -0.4244599
135.473900 10.0956783 -0.5825608 7.3923087 0.0185496 0.8814451 0.0190847 -0.4715361
135.682600 10.0459251 -0.5804076 7.3682518 -0.0151309 -0.8553897 -0.0218393 0.5173030
135.891300 9.6260815 -0.7785305 7.0506673 -0.0133217 -0.8230618 -0.0258718 0.5672057
136.099700 9.5202131 -0.8321859 7.1563983 -0.0134829 -0.8033905 -0.0307411 0.5945057
136.828000 9.7204695 -0.5659275 7.3145819 -0.0107698 -0.7277840 -0.0282348 0.6851403
137.659600 9.4138212 -0.5530177 7.3201065 -0.0063710 -0.6915685 -0.0303959 0.7216430
137.971500 9.2863150 -0.5480242 7.3260679 -0.0058652 -0.6885877 -0.0297266 0.7245197
138.387700 9.1057673 -0.5411291 7.3327484 -0.0037209 -0.6888505 -0.0325605 0.7241622
138.804100 8.9111633 -0.5336534 7.3427548 -0.0026537 -0.6868228 -0.0332898 0.7260573
139.220800 8.7078381 -0.5262456 7.3540211 -0.0023063 -0.6837707 -0.0350125 0.7288529
139.637700 8.4938765 -0.5181838 7.3685746 -0.0023983 -0.6789617 -0.0345963 0.7333542
140.054300 8.2733459 -0.5102504 7.3848219 -0.0035000 -0.6787239 -0.0339601 0.7335995
140.470900 8.0482492 -0.5027167 7.3998013 -0.0031283 -0.6795392 -0.0357732 0.7327598
140.887500 7.8258104 -0.4955861 7.4138274 -0.0010329 -0.6797742 -0.0361599 0.7325288
141.304000 7.5998192 -0.4868687 7.4308543 -0.0031713 -0.6786902 -0.0390599 0.7333784
141.720700 7.3806190 -0.4787564 7.4471717 -0.0029831 -0.6780327 -0.0390969 0.7339851
142.241400 7.1101651 -0.4685258 7.4671979 -0.0015273 -0.6779184 -0.0382417 0.7341402
142.762400 6.8440976 -0.4583073 7.4871478 -0.0015317 -0.6776621 -0.0388834 0.7343431
143.283500 6.5780911 -0.4488714 7.5105729 -0.0011472 -0.6740987 -0.0374993 0.7376879
143.908900 6.2576084 -0.4372200 7.5393915 -0.0040549 -0.6725283 -0.0353255 0.7392167
144.534000 5.9287286 -0.4254018 7.5657706 -0.0033541 -0.6791034 -0.0328949 0.7332975
145.158900 5.5886588 -0.4132454 7.5823436 -0.0013788 -0.6888223 -0.0340945 0.7241267
145.679900 5.2993155 -0.4046972 7.5938649 -0.0037619 -0.6909952 -0.0320508 0.7221387
146.200900 5.0043421 -0.3936990 7.6043248 -0.0049097 -0.6918644 -0.0357215 0.7211266
146.721700 4.7126436 -0.3831240 7.6132998 -0.0032411 -0.6911386 -0.0353862 0.7218482
147.346700 4.3606920 -0.3701431 7.6258388 -0.0033468 -0.6905519 -0.0357002 0.7223935
147.867400 4.0716019 -0.3597684 7.6359878 -0.0035595 -0.6915525 -0.0377259 0.7213316
148.492500 3.7275851 -0.3460912 7.6471205 0.0050510 -0.6885101 -0.0397491 0.7241191
149.013600 3.4381497 -0.3364122 7.6619463 0.0006471 -0.6822920 -0.0411652 0.7299196
149.638400 3.0922651 -0.3240120 7.6860728 0.0023256 -0.6779407 -0.0370532 0.7341785
150.263300 2.7421982 -0.3119284 7.7106605 -0.0065487 -0.6800222 -0.0342678 0.7323610
150.783500 2.4431236 -0.3002648 7.7265596 -0.0054324 -0.6862371 -0.0286655 0.7267926
151.304200 2.1414924 -0.2880847 7.7349672 -0.0080629 -0.6910705 -0.0322133 0.7220241
151.824600 1.8357630 -0.2759556 7.7420897 -0.0083511 -0.6952503 -0.0296575 0.7181070
152.345300 1.5302012 -0.2621927 7.7394447 -0.0093843 -0.6999947 -0.0315305 0.7133899
152.865900 1.2359961 -0.2500294 7.7313766 -0.0096272 -0.7019837 -0.0316721 0.7114233
153.386700 0.9501304 -0.2401188 7.7213407 -0.0070459 -0.7041484 -0.0267543 0.7095137
153.803500 0.7198851 -0.2325792 7.7159338 -0.0124319 -0.7067611 -0.0274653 0.7068096
154.219700 0.4990413 -0.2236573 7.7081041 -0.0121464 -0.7092827 -0.0314133 0.7041191
154.740400 0.2480300 -0.2124589 7.6827478 -0.0115303 -0.7104934 -0.0329785 0.7028362
155.157200 0.0546501 -0.2045672 7.6729941 -0.0099973 -0.7141453 -0.0335532 0.6991214
155.573700 -0.1231557 -0.1979366 7.6630316 -0.0086862 -0.7163453 -0.0353677 0.6967949
156.303500 -0.3851487 -0.1861809 7.6176796 -0.0038087 -0.6976373 -0.0365638 0.7155073
157.033800 -0.6225319 -0.1788400 7.6131129 -0.0088915 -0.6685326 -0.0329982 0.7428972
157.450500 -0.7502171 -0.1749706 7.6057739 -0.0141714 -0.6528020 -0.0286781 0.7568529
157.762900 -0.8423812 -0.1709733 7.6079030 -0.0188438 -0.6510011 -0.0245823 0.7584446
160.993400 -1.3272648 -0.1515841 7.6035185 -0.0160801 -0.6791514 -0.0155350 0.7336575
161.306000 -1.3538258 -0.1497680 7.6039090 -0.0104079 -0.6826971 -0.0176758 0.7304136
162.139700 -1.4630150 -0.1471940 7.6121407 -0.0019724 -0.6956170 -0.0156348 0.7182400
162.452400 -1.5249192 -0.1472655 7.6218019 -0.0006376 -0.7004001 -0.0188008 0.7135025
162.765100 -1.5919442 -0.1450766 7.6200380 -0.0041253 -0.6985376 -0.0244987 0.7151420
162.973500 -1.6407918 -0.1436239 7.6237931 -0.0109186 -0.6998896 -0.0250969 0.7137265
163.182100 -1.6925502 -0.1421822 7.6285548 -0.0172605 -0.7019094 -0.0187035 0.7118114
163.390600 -1.7495316 -0.1398382 7.6289411 -0.0143816 -0.7036223 -0.0190647 0.7101727
163.598900 -1.8098943 -0.1373060 7.6306558 -0.0213353 -0.7060860 -0.0154813 0.7076352
163.807300 -1.8736737 -0.1351659 7.6303144 -0.0209911 -0.7082267 -0.0146087 0.7055218
164.119900 -1.9755191 -0.1326397 7.6302433 -0.0095766 -0.7117794 -0.0089526 0.7022807
164.328400 -2.0503817 -0.1312634 7.6297035 -0.0154336 -0.7129163 -0.0111173 0.7009912
164.536900 -2.1283376 -0.1298037 7.6276441 -0.0151449 -0.7138195 -0.0132550 0.7000405
164.745400 -2.2067537 -0.1272140 7.6250820 -0.0116103 -0.7146758 -0.0112482 0.6992690
164.953900 -2.2898593 -0.1260106 7.6233406 -0.0130657 -0.7152660 -0.0138773 0.6985923
165.162300 -2.3806512 -0.1254447 7.6228595 -0.0156257 -0.7161554 -0.0159942 0.6975826
165.370800 -2.4697566 -0.1234565 7.6206622 -0.0168724 -0.7162943 -0.0170207 0.6973866
165.579300 -2.5592184 -0.1208543 7.6179175 -0.0143993 -0.7154151 -0.0161148 0.6983654
165.787800 -2.6491334 -0.1187838 7.6158223 -0.0150252 -0.7143260 -0.0174176 0.6994350
165.996300 -2.7400725 -0.1165141 7.6149492 -0.0159587 -0.7133025 -0.0181957 0.7004383
166.204900 -2.8355839 -0.1135313 7.6139350 -0.0165416 -0.7126493 -0.0175394 0.7011060
166.308900 -2.8823245 -0.1119523 7.6134214 -0.0167312 -0.7125716 -0.0170083 0.7011936
166.517400 -2.9779208 -0.1090366 7.6121464 -0.0166030 -0.7128950 -0.0167761 0.7008734
166.725700 -3.0743854 -0.1063171 7.6103845 -0.0163234 -0.7135122 -0.0183694 0.7002117
166.829900 -3.1227586 -0.1050095 7.6090636 -0.0150367 -0.7138262 -0.0183403 0.6999213
167.038400 -3.2201457 -0.1020701 7.6070733 -0.0145356 -0.7143896 -0.0186138 0.6993496
167.142500 -3.2698786 -0.1005030 7.6057096 -0.0147283 -0.7145813 -0.0200801 0.6991090
167.351000 -3.3691626 -0.0979257 7.6036310 -0.0162749 -0.7144521 -0.0200157 0.6992086
167.559000 -3.4697483 -0.0948193 7.6011419 -0.0177580 -0.7141034 -0.0206240 0.6995111
167.767400 -3.5693579 -0.0914012 7.5988741 -0.0169993 -0.7139350 -0.0209723 0.6996913
167.975600 -3.6695125 -0.0885881 7.5963402 -0.0139820 -0.7137933 -0.0210203 0.6999013
168.183900 -3.7683122 -0.0855121 7.5929341 -0.0127240 -0.7135054 -0.0244422 0.7001077
168.392100 -3.8688414 -0.0816932 7.5907445 -0.0180250 -0.7134459 -0.0294465 0.6998593
168.600500 -3.9666686 -0.0777309 7.5883470 -0.0144035 -0.7134703 -0.0283810 0.6999623
168.808900 -4.0639439 -0.0741151 7.5863714 -0.0102558 -0.7132120 -0.0234640 0.7004805
169.017300 -4.1616611 -0.0709643 7.5845251 -0.0116492 -0.7128784 -0.0234741 0.7007979
169.225900 -4.2595201 -0.0681032 7.5824170 -0.0138778 -0.7125719 -0.0227798 0.7010919
169.434000 -4.3563929 -0.0652960 7.5803909 -0.0133906 -0.7129477 -0.0210001 0.7007747
169.642300 -4.4552150 -0.0620784 7.5779495 -0.0150476 -0.7134159 -0.0205076 0.7002791
169.850700 -4.5531402 -0.0591570 7.5760655 -0.0182131 -0.7138282 -0.0230667 0.6997039
170.059000 -4.6513476 -0.0554718 7.5736580 -0.0142589 -0.7144721 -0.0211839 0.6991978
170.267400 -4.7493072 -0.0525449 7.5707030 -0.0127234 -0.7147601 -0.0216635 0.6989183
170.475800 -4.8488097 -0.0488606 7.5678134 -0.0158740 -0.7148123 -0.0243168 0.6987131
170.684100 -4.9470391 -0.0450893 7.5646768 -0.0139824 -0.7153451 -0.0236617 0.6982306
170.892400 -5.0454717 -0.0417239 7.5606732 -0.0106641 -0.7163529 -0.0258978 0.6971759
171.100700 -5.1442051 -0.0385938 7.5568132 -0.0097267 -0.7180484 -0.0249273 0.6954786
171.308900 -5.2432132 -0.0350298 7.5525036 -0.0115605 -0.7198570 -0.0225378 0.6936600
171.621400 -5.3913436 -0.0311015 7.5453620 -0.0086592 -0.7218722 -0.0195018 0.6916974
171.829800 -5.4904366 -0.0282280 7.5395870 -0.0108078 -0.7229616 -0.0226899 0.6904309
172.142500 -5.6369505 -0.0235135 7.5322809 -0.0118922 -0.7250705 -0.0232944 0.6881778
172.351200 -5.7344689 -0.0206336 7.5261650 -0.0097147 -0.7265075 -0.0200052 0.6867985
172.662800 -5.8820615 -0.0169986 7.5168653 -0.0109511 -0.7289037 -0.0226251 0.6841546
172.871000 -5.9799094 -0.0136520 7.5101948 -0.0107308 -0.7302681 -0.0226550 0.6827005
173.079300 -6.0778146 -0.0107844 7.5026784 -0.0113438 -0.7319524 -0.0214930 0.6809222
173.287500 -6.1745095 -0.0081455 7.4953160 -0.0111307 -0.7335576 -0.0200256 0.6792410
173.495800 -6.2706342 -0.0046207 7.4878659 -0.0114882 -0.7348559 -0.0195348 0.6778445
173.704000 -6.3664169 -0.0020595 7.4791951 -0.0126802 -0.7357482 -0.0178094 0.6769022
173.912300 -6.4629526 0.0004286 7.4704428 -0.0150156 -0.7367045 -0.0189755 0.6757817
174.120500 -6.5598726 0.0036380 7.4614286 -0.0134797 -0.7376035 -0.0181759 0.6748548
174.329000 -6.6575260 0.0063136 7.4520402 -0.0137175 -0.7382725 -0.0172481 0.6741424
174.537200 -6.7554698 0.0092112 7.4425516 -0.0137804 -0.7387740 -0.0161008 0.6736200
174.849700 -6.9026704 0.0134199 7.4293346 -0.0181373 -0.7384051 -0.0147232 0.6739526
175.058000 -7.0015521 0.0164972 7.4198651 -0.0154341 -0.7381847 -0.0124678 0.6743069
175.370400 -7.1486950 0.0207432 7.4067245 -0.0136926 -0.7379240 -0.0159700 0.6745559
175.578600 -7.2465105 0.0232459 7.3970394 -0.0150004 -0.7379599 -0.0178581 0.6744415
175.787300 -7.3429508 0.0267445 7.3877296 -0.0139216 -0.7383659 -0.0173385 0.6740337
175.995400 -7.4412131 0.0292105 7.3779316 -0.0120561 -0.7384851 -0.0174445 0.6739362
176.203400 -7.5391555 0.0317798 7.3679886 -0.0117291 -0.7382193 -0.0180965 0.6742160
176.411600 -7.6370444 0.0347969 7.3589721 -0.0120286 -0.7379925 -0.0186941 0.6744427
176.619800 -7.7356710 0.0379815 7.3497796 -0.0131686 -0.7375124 -0.0177924 0.6749707
176.828000 -7.8333850 0.0403713 7.3405552 -0.0117075 -0.7375619 -0.0154672 0.6750009
177.036200 -7.9316821 0.0426962 7.3306594 -0.0117865 -0.7372047 -0.0170503 0.6753514
177.244500 -8.0303211 0.0452879 7.3211436 -0.0133584 -0.7369509 -0.0165079 0.6756126
177.452500 -8.1297417 0.0481137 7.3115883 -0.0156486 -0.7370582 -0.0144690 0.6754931
177.660900 -8.2292233 0.0504352 7.3023953 -0.0151420 -0.7372102 -0.0138649 0.6753516
177.869000 -8.3282108 0.0529808 7.2926960 -0.0156126 -0.7370079 -0.0141178 0.6755563
178.181400 -8.4760990 0.0579123 7.2792335 -0.0187903 -0.7364728 -0.0139115 0.6760630
178.389700 -8.5731812 0.0600392 7.2702079 -0.0115067 -0.7360906 -0.0089375 0.6767262
178.598000 -8.6720896 0.0619281 7.2618403 -0.0155591 -0.7356393 -0.0120673 0.6770872
178.806200 -8.7682610 0.0638760 7.2535396 -0.0201891 -0.7352259 -0.0153723 0.6773470
179.014500 -8.8642273 0.0666299 7.2457066 -0.0168611 -0.7346826 -0.0102886 0.6781234
179.222700 -8.9587069 0.0681155 7.2382884 -0.0163465 -0.7350488 -0.0044336 0.6778027
179.430800 -9.0543890 0.0699608 7.2314072 -0.0301669 -0.7349265 -0.0118703 0.6773714
179.638900 -9.1457777 0.0732022 7.2238622 -0.0272527 -0.7347994 -0.0133555 0.6776052
179.847200 -9.2360096 0.0750702 7.2158999 -0.0167940 -0.7348170 -0.0072249 0.6780189
180.055500 -9.3261766 0.0765187 7.2087336 -0.0176009 -0.7347478 -0.0094764 0.6780459
180.263700 -9.4152565 0.0786047 7.2011347 -0.0217729 -0.7345095 -0.0169620 0.6780369
180.471900 -9.5042629 0.0811403 7.1954083 -0.0213810 -0.7352509 -0.0159217 0.6772706
180.680200 -9.5914793 0.0825477 7.1885891 -0.0206212 -0.7352868 -0.0137722 0.6773024
180.888400 -9.6761189 0.0848299 7.1821418 -0.0184152 -0.7349038 -0.0110728 0.6778309
181.097200 -9.7609911 0.0861919 7.1753402 -0.0178704 -0.7334334 -0.0122519 0.6794159
181.305100 -9.8438721 0.0876732 7.1688414 -0.0143844 -0.7325198 -0.0108789 0.6805068
181.513300 -9.9290991 0.0883437 7.1639876 -0.0153240 -0.7328349 -0.0129074 0.6801114
181.721500 -10.0121727 0.0894157 7.1589098 -0.0155333 -0.7337654 -0.0138389 0.6790843
181.929700 -10.0914831 0.0906794 7.1520071 -0.0123656 -0.7356863 -0.0143644 0.6770571
182.137800 -10.1707592 0.0920632 7.1451073 -0.0126667 -0.7382446 -0.0166158 0.6742094
182.345900 -10.2488174 0.0937593 7.1378174 -0.0165697 -0.7410683 -0.0153614 0.6710494
182.554000 -10.3249378 0.0948883 7.1302977 -0.0141289 -0.7448953 -0.0122728 0.6669189
182.762300 -10.4004803 0.0961137 7.1215172 -0.0155579 -0.7490991 -0.0114463 0.6621763
182.970500 -10.4751034 0.0974341 7.1110220 -0.0178394 -0.7533776 -0.0150574 0.6571737
183.283100 -10.5847883 0.0998073 7.0942068 -0.0137127 -0.7588431 -0.0129374 0.6510006
183.491500 -10.6573668 0.1018224 7.0813346 -0.0099863 -0.7597427 -0.0177251 0.6499055
183.700300 -10.7292280 0.1031966 7.0683923 -0.0079123 -0.7590088 -0.0215400 0.6506758
183.908700 -10.8002787 0.1051823 7.0573111 -0.0079734 -0.7582628 -0.0234754 0.6514775
184.221600 -10.9027328 0.1080186 7.0396514 -0.0018437 -0.7543183 -0.0269515 0.6559529
184.430300 -10.9679317 0.1091387 7.0307140 0.0006462 -0.7472867 -0.0298146 0.6638322
184.743300 -11.0588312 0.1106037 7.0195956 0.0011858 -0.7333641 -0.0303515 0.6791572
184.951900 -11.1187725 0.1119761 7.0156970 0.0006515 -0.7243763 -0.0304147 0.6887333
185.160400 -11.1793537 0.1132265 7.0118122 0.0007029 -0.7139091 -0.0318844 0.6995118
185.786200 -11.3162012 0.1214871 6.9863787 0.0003273 -0.6739491 -0.0271760 0.7382777
185.994600 -11.3704739 0.1220313 6.9915724 0.0011078 -0.6626187 -0.0237627 0.7485791
186.203000 -11.4202862 0.1231074 6.9943676 0.0008821 -0.6499392 -0.0220912 0.7596645
186.411400 -11.4688845 0.1245320 6.9966335 -0.0003930 -0.6369352 -0.0209009 0.7706339
186.619800 -11.5123081 0.1265204 6.9984932 0.0002553 -0.6247877 -0.0207151 0.7805197
186.828000 -11.5558167 0.1284842 7.0041533 -0.0007354 -0.6166460 -0.0171031 0.7870544
187.036100 -11.5943098 0.1301238 7.0043945 -0.0017902 -0.6102649 -0.0148110 0.7920569
187.660100 -11.6811886 0.1477098 6.9912663 0.0055507 -0.6084148 -0.0063753 0.7935742
187.868000 -11.7144012 0.1508551 6.9987020 0.0083559 -0.6236451 -0.0046184 0.7816494
188.076000 -11.7400560 0.1495958 7.0038776 0.0062833 -0.6424612 -0.0045614 0.7662789
188.491800 -11.7807398 0.1545677 6.9924717 0.0150446 -0.6834137 -0.0084014 0.7298279
188.907700 -11.7791615 0.1624999 6.9505119 0.0329391 -0.7165256 -0.0091255 0.6967229
189.115800 -11.7979622 0.1598154 6.9408822 0.0309699 -0.7392634 -0.0110971 0.6726124
189.324100 -11.8299122 0.1606207 6.9363694 0.0353844 -0.7654691 -0.0142340 0.6423413
189.532400 -11.8558559 0.1597345 6.9321880 0.0377544 -0.7902004 -0.0174136 0.6114365
189.844800 -11.8868971 0.1610824 6.9354191 0.0356288 -0.8243560 -0.0196578 0.5646072
190.366500 -11.9453373 0.1578464 6.9201570 0.0390254 -0.8635381 -0.0256902 0.5021144
190.678900 -11.9805002 0.1578729 6.9113412 -0.0357046 0.8812590 0.0205112 -0.4708364
191.200200 -12.0483656 0.1475111 6.8952484 -0.0195291 0.9107245 0.0124531 -0.4123645
191.512700 -12.0791721 0.1459906 6.8724370 -0.0108233 0.9267762 0.0163847 -0.3751005
191.723100 -12.0988770 0.1456375 6.8520479 -0.0077302 0.9372527 0.0164200 -0.3481781
192.241400 -12.1445780 0.1445389 6.7922969 0.0003591 0.9624172 0.0149128 -0.2711653
192.449700 -12.1616144 0.1449093 6.7617188 -0.0021650 0.9715134 0.0136663 -0.2365803
192.657900 -12.1784115 0.1450154 6.7225471 0.0022955 0.9788215 0.0149671 -0.2041549
192.866300 -12.1939535 0.1452103 6.6788564 0.0034163 0.9838324 0.0154166 -0.1783945
193.283700 -12.2446480 0.1463287 6.5862164 0.0075465 0.9893165 0.0174618 -0.1445376
193.492200 -12.2734737 0.1467044 6.5258222 0.0152862 0.9921433 0.0150698 -0.1232511
193.700500 -12.2911777 0.1485861 6.4581094 0.0170631 0.9941586 0.0139957 -0.1056483
193.909100 -12.3094158 0.1500704 6.3858266 0.0215339 0.9958559 0.0163551 -0.0868326
194.117500 -12.3206244 0.1521088 6.3087673 0.0223154 0.9969682 0.0159676 -0.0728107
194.326200 -12.3300133 0.1541259 6.2271619 0.0227981 0.9976491 0.0139076 -0.0631114
194.534900 -12.3383627 0.1554467 6.1403461 0.0226536 0.9979983 0.0150294 -0.0570998
194.743500 -12.3466759 0.1572059 6.0525241 0.0237464 0.9981388 0.0147057 -0.0542098
194.952100 -12.3542156 0.1592608 5.9629793 0.0243117 0.9982264 0.0147578 -0.0522990
195.160600 -12.3601160 0.1605303 5.8699908 0.0271237 0.9981896 0.0163392 -0.0511349
195.369000 -12.3684855 0.1631092 5.7678375 0.0284803 0.9982210 0.0161648 -0.0498236
195.577500 -12.3768730 0.1650398 5.6622524 0.0279757 0.9983597 0.0129543 -0.0482432
195.890200 -12.3879557 0.1678472 5.4908705 0.0268682 0.9984030 0.0166673 -0.0468171
196.098500 -12.3963966 0.1707226 5.3782225 0.0290401 0.9983058 0.0225188 -0.0451119
196.411200 -12.4055862 0.1737854 5.2124524 0.0288264 0.9984651 0.0196256 -0.0430278
196.723700 -12.4148111 0.1768444 5.0485077 0.0253602 0.9986821 0.0203411 -0.0397127
197.036300 -12.4237833 0.1785086 4.8855200 0.0256495 0.9987757 0.0211223 -0.0366468
197.244800 -12.4302893 0.1810437 4.7748675 0.0257457 0.9988319 0.0215362 -0.0347606
197.557200 -12.4357796 0.1846087 4.6109238 0.0233451 0.9989408 0.0218060 -0.0331180
197.869800 -12.4343300 0.1855434 4.4538288 0.0229166 0.9989145 0.0215787 -0.0343380
198.182200 -12.4418163 0.1887439 4.2921047 0.0238858 0.9989024 0.0224219 -0.0334753
198.390400 -12.4468679 0.1913170 4.1878209 0.0228095 0.9989600 0.0224235 -0.0324947
198.598700 -12.4503613 0.1935275 4.0857649 0.0216326 0.9990334 0.0222664 -0.0311207
198.806900 -12.4541368 0.1958949 3.9851775 0.0211937 0.9990978 0.0223324 -0.0292533
199.119200 -12.4561472 0.1988226 3.8337731 0.0202818 0.9991878 0.0199056 -0.0285665
199.431800 -12.4543924 0.2004544 3.6808732 0.0190242 0.9991204 0.0224028 -0.0299125
199.744000 -12.4573965 0.2030096 3.5323770 0.0181674 0.9991030 0.0191488 -0.0331121
199.952500 -12.4618406 0.2044236 3.4358757 0.0178101 0.9989434 0.0201565 -0.0372623
200.160900 -12.4678211 0.2064124 3.3366277 0.0206029 0.9987484 0.0187314 -0.0415502
200.369200 -12.4757233 0.2080183 3.2370501 0.0233591 0.9984930 0.0219727 -0.0445344
200.577400 -12.4814672 0.2112064 3.1379547 0.0188542 0.9983286 0.0277925 -0.0470337
200.785700 -12.4891968 0.2144454 3.0383418 0.0143587 0.9983493 0.0266623 -0.0488016
200.993900 -12.4970598 0.2169901 2.9407938 0.0164877 0.9984572 0.0200447 -0.0490877
201.202300 -12.5041094 0.2190929 2.8424139 0.0184428 0.9983799 0.0219270 -0.0491601
201.410600 -12.5109205 0.2217457 2.7442653 0.0184170 0.9982659 0.0254032 -0.0498070
201.618900 -12.5181694 0.2252475 2.6464555 0.0165771 0.9982222 0.0261122 -0.0509487
201.827200 -12.5265913 0.2285352 2.5465808 0.0166941 0.9982576 0.0246884 -0.0509258
202.035500 -12.5346184 0.2314265 2.4470916 0.0169226 0.9983011 0.0246280 -0.0500192
202.243800 -12.5418758 0.2346431 2.3455334 0.0166343 0.9983523 0.0254834 -0.0486469
202.452100 -12.5483122 0.2376882 2.2458212 0.0159377 0.9984304 0.0256519 -0.0471675
202.660400 -12.5555906 0.2406045 2.1513181 0.0159977 0.9985217 0.0252907 -0.0453745
202.868700 -12.5625496 0.2435707 2.0568683 0.0154543 0.9986089 0.0249843 -0.0437848
203.077100 -12.5694971 0.2465526 1.9616950 0.0142207 0.9986864 0.0247885 -0.0425286
203.285500 -12.5757227 0.2492868 1.8680558 0.0132404 0.9987133 0.0253067 -0.0419036
203.493800 -12.5818224 0.2518232 1.7769821 0.0129687 0.9987218 0.0255710 -0.0416267
203.702200 -12.5877695 0.2550734 1.6837854 0.0121336 0.9987205 0.0247000 -0.0424260
204.015000 -12.5941238 0.2597581 1.5357337 0.0099804 0.9985445 0.0249166 -0.0467806
204.327700 -12.6034012 0.2636740 1.3971602 0.0108947 0.9982665 0.0252017 -0.0520588
204.536200 -12.6115665 0.2660880 1.3069934 0.0112373 0.9981520 0.0249258 -0.0542677
204.744700 -12.6188765 0.2690689 1.2166290 0.0108293 0.9980192 0.0248542 -0.0567696
204.953000 -12.6272717 0.2716903 1.1272030 0.0109402 0.9979149 0.0252136 -0.0583989
205.265300 -12.6388865 0.2760757 0.9896592 0.0111704 0.9977985 0.0242145 -0.0607213
205.473600 -12.6485329 0.2786352 0.9008679 0.0118699 0.9977920 0.0252805 -0.0602592
205.681700 -12.6571989 0.2817266 0.8116192 0.0135009 0.9979702 0.0250044 -0.0569910
205.889700 -12.6649990 0.2844698 0.7218241 0.0136820 0.9983602 0.0249424 -0.0496751
206.097700 -12.6700621 0.2871617 0.6322311 0.0139627 0.9987587 0.0253356 -0.0405489
206.305800 -12.6734638 0.2901680 0.5428171 0.0138571 0.9990987 0.0261994 -0.0303874
206.513700 -12.6774073 0.2935949 0.4531883 0.0143750 0.9994161 0.0246154 -0.0188394
206.929800 -12.6751757 0.3009076 0.2719873 0.0165848 0.9995368 0.0232940 0.0104221
207.137600 -12.6691093 0.3038714 0.1807788 0.0173813 0.9991897 0.0208649 0.0297065
207.345600 -12.6591711 0.3056926 0.0923683 0.0161867 0.9984007 0.0210636 0.0499023
207.553700 -12.6458731 0.3078083 0.0053380 0.0163268 0.9971226 0.0209698 0.0709942
207.761600 -12.6295462 0.3098022 -0.0823118 0.0167082 0.9952722 0.0200384 0.0935549
207.969500 -12.6085453 0.3117173 -0.1695389 0.0164903 0.9928745 0.0176559 0.1166899
208.177600 -12.5830555 0.3129941 -0.2577739 0.0162300 0.9898538 0.0178975 0.1400204
208.385700 -12.5541248 0.3144658 -0.3447524 0.0166962 0.9861742 0.0192681 0.1637387
208.593700 -12.5208330 0.3160610 -0.4325837 0.0186023 0.9818601 0.0187973 0.1877534
208.802200 -12.4823418 0.3176952 -0.5193953 0.0181840 0.9771434 0.0188772 0.2109593
209.010200 -12.4401379 0.3190579 -0.6035087 0.0173648 0.9724904 0.0165418 0.2317049
209.218200 -12.3943977 0.3199273 -0.6874056 0.0166747 0.9675371 0.0147586 0.2517462
209.426600 -12.3445148 0.3206107 -0.7704926 0.0154130 0.9632555 0.0138506 0.2677864
209.635200 -12.2910385 0.3211166 -0.8540713 0.0122421 0.9602443 0.0134845 0.2785662
209.947900 -12.2063236 0.3225301 -0.9835133 0.0113772 0.9578627 0.0117956 0.2867585
210.156700 -12.1481771 0.3232148 -1.0698209 0.0113377 0.9571455 0.0096902 0.2892234
210.364800 -12.0882978 0.3229957 -1.1567743 0.0110427 0.9566436 0.0100184 0.2908790
210.677500 -11.9988079 0.3228562 -1.2859313 0.0102042 0.9567540 0.0103991 0.2905330
210.990100 -11.9082127 0.3240859 -1.4156191 0.0079987 0.9586397 0.0103808 0.2843203
211.198700 -11.8506718 0.3239614 -1.5009849 0.0071374 0.9604353 0.0107049 0.2782058
211.511200 -11.7686653 0.3236635 -1.6291189 0.0064222 0.9635696 0.0108306 0.2671609
211.719600 -11.7154598 0.3236125 -1.7131926 0.0074089 0.9657786 0.0120139 0.2589834
211.927900 -11.6627150 0.3241687 -1.8006312 0.0111517 0.9674456 0.0130522 0.2524962
212.240100 -11.5858736 0.3245675 -1.9252068 0.0145818 0.9683461 0.0142560 0.2487772
212.448400 -11.5373745 0.3242644 -2.0104406 0.0165918 0.9686084 0.0152930 0.2475654
212.656400 -11.4889221 0.3247772 -2.0947032 0.0193804 0.9686843 0.0161311 0.2470120
212.968600 -11.4062185 0.3271374 -2.2210085 0.0232417 0.9689955 0.0161434 0.2454526
213.176800 -11.3592157 0.3277811 -2.3024709 0.0244807 0.9689814 0.0173736 0.2453036
213.384900 -11.3131189 0.3278418 -2.3815291 0.0258472 0.9691318 0.0182556 0.2445040
213.593100 -11.2667761 0.3287429 -2.4624920 0.0259282 0.9691746 0.0184819 0.2443089
213.801100 -11.2214880 0.3290748 -2.5400615 0.0262943 0.9687024 0.0195142 0.2460556
214.009100 -11.1780853 0.3298608 -2.6143203 0.0266224 0.9674472 0.0211167 0.2507814
214.217100 -11.1377077 0.3300904 -2.6836729 0.0281689 0.9654940 0.0204657 0.2580874
214.425200 -11.0976791 0.3302210 -2.7472460 0.0278068 0.9636532 0.0203718 0.2649232
214.633200 -11.0600576 0.3309490 -2.8071344 0.0267040 0.9618148 0.0207710 0.2716025
214.841300 -11.0258808 0.3310501 -2.8604906 0.0259194 0.9600244 0.0194227 0.2780364
215.052500 -10.9928274 0.3310073 -2.9095402 0.0254347 0.9584047 0.0193077 0.2836208
215.257800 -10.9612980 0.3311160 -2.9562557 0.0255365 0.9563894 0.0198887 0.2902956
215.466200 -10.9311209 0.3311315 -2.9988155 0.0264264 0.9535664 0.0199769 0.2993554
215.674000 -10.9013481 0.3311383 -3.0379202 0.0269424 0.9497443 0.0186738 0.3113056
215.882200 -10.8716173 0.3311892 -3.0754426 0.0269840 0.9452599 0.0168152 0.3247660
216.714400 -10.7565584 0.3292723 -3.1919239 0.0283284 0.9150276 0.0147892 0.4021235
216.923100 -10.7316532 0.3286226 -3.2095537 0.0238773 0.9043559 0.0116379 0.4259516
217.130700 -10.7092943 0.3279035 -3.2240741 0.0221021 0.8941807 0.0074458 0.4470984
217.651400 -10.6533060 0.3257882 -3.2530022 0.0173732 0.8634554 0.0038859 0.5041109
217.963700 -10.6190023 0.3247189 -3.2655892 0.0134188 0.8409747 0.0022406 0.5409033
218.172000 -10.5953150 0.3238636 -3.2722516 0.0113870 0.8251598 -0.0003199 0.5647845
218.484300 -10.5559216 0.3228408 -3.2813730 0.0121481 0.7987040 -0.0019633 0.6015983
219.421400 -10.3914909 0.3188416 -3.2927971 0.0153063 0.7068484 -0.0081310 0.7071527
219.629700 -10.3457260 0.3172298 -3.2896850 0.0135326 0.6866122 -0.0056509 0.7268759
219.838100 -10.2959776 0.3154530 -3.2842071 0.0139540 0.6690692 -0.0033929 0.7430613
220.046600 -10.2417498 0.3137374 -3.2757883 0.0131559 0.6524637 -0.0032318 0.7576990
220.255100 -10.1829147 0.3123182 -3.2637334 0.0131254 0.6341280 -0.0032198 0.7731100
220.463500 -10.1202803 0.3104845 -3.2484272 0.0130323 0.6136535 0.0026817 0.7894633
220.671700 -10.0535345 0.3088785 -3.2291343 0.0131673 0.5914990 0.0094300 0.8061430
220.880200 -9.9853802 0.3068041 -3.2045965 0.0184648 0.5676801 0.0127429 0.8229434
221.088500 -9.9127216 0.3049971 -3.1745794 0.0251330 0.5438111 0.0141004 0.8387128
221.296900 -9.8390179 0.3021625 -3.1382496 0.0225392 0.5238605 0.0147758 0.8513776
221.505700 -9.7623930 0.2996190 -3.0960205 0.0199262 0.5083615 0.0142637 0.8607950
221.714400 -9.6829433 0.2966160 -3.0499132 0.0189737 0.4980921 0.0111710 0.8668445
221.923300 -9.6001978 0.2938419 -2.9998293 0.0168048 0.4937739 0.0074343 0.8693962
222.241200 -9.4698982 0.2892910 -2.9246664 0.0160233 0.4938059 0.0047626 0.8694115
222.445200 -9.3800964 0.2861754 -2.8720951 0.0167767 0.4944448 0.0045816 0.8690350
222.653900 -9.2888031 0.2831676 -2.8184536 0.0142403 0.4954664 0.0051949 0.8684948
222.862400 -9.1942778 0.2803336 -2.7627244 0.0127217 0.4968789 0.0041889 0.8677166
223.175200 -9.0477390 0.2761710 -2.6790860 0.0144424 0.5000148 0.0001069 0.8658964
223.383700 -8.9469280 0.2727951 -2.6215100 0.0103566 0.5031696 0.0003836 0.8641255
223.592100 -8.8438692 0.2697242 -2.5638332 0.0080689 0.5077986 -0.0004747 0.8614379
223.800700 -8.7395306 0.2669503 -2.5065198 0.0087401 0.5131602 0.0003353 0.8582483
224.008900 -8.6340179 0.2644671 -2.4515264 0.0090216 0.5181050 0.0041171 0.8552595
224.217200 -8.5270538 0.2611180 -2.3962755 0.0091193 0.5238298 0.0042733 0.8517634
224.425500 -8.4175901 0.2579158 -2.3428597 0.0099710 0.5299296 0.0025667 0.8479791
224.633700 -8.3072586 0.2543329 -2.2911127 0.0080758 0.5362971 0.0033031 0.8439842
224.841700 -8.1982002 0.2526492 -2.2408969 0.0069968 0.5420682 0.0030780 0.8402997
225.049800 -8.0879898 0.2504773 -2.1915476 0.0045962 0.5462890 0.0047008 0.8375710
225.257700 -7.9786887 0.2477888 -2.1433790 0.0080215 0.5482623 0.0062670 0.8362445
225.465900 -7.8721399 0.2446473 -2.0974195 0.0126023 0.5483384 0.0057490 0.8361418
225.673700 -7.7641592 0.2416253 -2.0500593 0.0099965 0.5487614 0.0068658 0.8358911
225.881700 -7.6568117 0.2394629 -2.0034754 0.0092516 0.5493984 0.0065698 0.8354835
226.089900 -7.5491004 0.2367555 -1.9561810 0.0139148 0.5494752 0.0060067 0.8353726
226.297800 -7.4415145 0.2328404 -1.9100295 0.0162573 0.5498946 0.0062185 0.8350527
226.505900 -7.3340149 0.2286585 -1.8643553 0.0146603 0.5499715 0.0074748 0.8350213
226.714100 -7.2260346 0.2248358 -1.8191262 0.0151175 0.5502349 0.0085896 0.8348289
226.922100 -7.1183472 0.2215275 -1.7737105 0.0166809 0.5502415 0.0076083 0.8348042
227.130200 -7.0112262 0.2180688 -1.7278781 0.0143275 0.5506388 0.0081593 0.8345808
227.338400 -6.9051943 0.2147304 -1.6835549 0.0127843 0.5501614 0.0090589 0.8349113
227.546300 -6.8015537 0.2118816 -1.6396700 0.0152678 0.5484891 0.0088236 0.8359718
227.754500 -6.7003560 0.2105557 -1.5976778 0.0156609 0.5464589 0.0091204 0.8372898
227.962600 -6.6013756 0.2067505 -1.5534551 0.0146593 0.5451276 0.0087813 0.8381789
228.066700 -6.5515294 0.2046204 -1.5309094 0.0150862 0.5448475 0.0067859 0.8383719
228.275000 -6.4517598 0.2008950 -1.4860754 0.0099563 0.5469487 0.0048861 0.8370926
228.483200 -6.3522758 0.1980366 -1.4423850 0.0051936 0.5526624 0.0023522 0.8333857
228.691700 -6.2543612 0.1950927 -1.4010580 0.0079558 0.5610349 -0.0046281 0.8277410
228.900100 -6.1560593 0.1922827 -1.3642418 0.0044648 0.5698790 -0.0042871 0.8217053
229.109100 -6.0562625 0.1897882 -1.3296825 0.0043127 0.5779010 -0.0030745 0.8160897
229.316600 -5.9568210 0.1865352 -1.2975640 0.0080855 0.5830011 -0.0030527 0.8124254
229.524700 -5.8555875 0.1833363 -1.2648153 0.0057982 0.5864462 0.0015519 0.8099659
229.733000 -5.7547379 0.1805593 -1.2324324 0.0096505 0.5903966 -0.0024894 0.8070517
229.941100 -5.6535878 0.1769755 -1.2009193 0.0087412 0.5936620 -0.0051846 0.8046504
230.149200 -5.5536318 0.1738285 -1.1719116 0.0069806 0.5945337 -0.0024924 0.8040366
230.357400 -5.4530177 0.1709364 -1.1407012 0.0028671 0.5957305 -0.0032710 0.8031726
230.565700 -5.3539586 0.1682482 -1.1128403 0.0009281 0.5985056 -0.0085305 0.8010727
230.774000 -5.2551904 0.1649195 -1.0879003 0.0067400 0.6022366 -0.0139923 0.7981665
230.982300 -5.1561065 0.1606369 -1.0637361 0.0069615 0.6073478 -0.0095479 0.7943481
231.190900 -5.0551009 0.1569549 -1.0388621 0.0061279 0.6135259 -0.0078015 0.7896123
231.399400 -4.9548678 0.1532289 -1.0144159 0.0063226 0.6206262 -0.0072139 0.7840480
231.607700 -4.8547010 0.1494653 -0.9938189 0.0075731 0.6267252 -0.0063430 0.7791777
231.815900 -4.7571917 0.1461734 -0.9776393 0.0071412 0.6314000 -0.0043753 0.7754120
232.024100 -4.6534863 0.1429015 -0.9593610 0.0073467 0.6358740 -0.0027593 0.7717530
232.232300 -4.5537806 0.1395302 -0.9423777 0.0105250 0.6380243 -0.0009133 0.7699438
232.440500 -4.4533100 0.1359403 -0.9251921 0.0122808 0.6392956 0.0001243 0.7688630
232.752900 -4.3028283 0.1298767 -0.9003636 0.0093950 0.6420716 0.0039130 0.7665771
232.960900 -4.2026677 0.1270360 -0.8827478 0.0107714 0.6442142 0.0041701 0.7647579
233.169100 -4.1023536 0.1239140 -0.8666689 0.0102880 0.6454771 0.0056880 0.7636892
233.377100 -4.0030732 0.1210146 -0.8501017 0.0107418 0.6468926 0.0048767 0.7624899
233.585300 -3.9028859 0.1176982 -0.8346463 0.0107937 0.6477627 0.0040972 0.7617548
233.897200 -3.7551165 0.1133547 -0.8126079 0.0101353 0.6493108 0.0069258 0.7604241
234.105200 -3.6575315 0.1107609 -0.7976713 0.0135313 0.6500843 0.0073462 0.7597061
234.313200 -3.5600812 0.1079754 -0.7822950 0.0138629 0.6514998 0.0085132 0.7584743
234.521300 -3.4634113 0.1051816 -0.7690234 0.0110024 0.6523535 0.0090615 0.7577808
234.729300 -3.3671334 0.1024117 -0.7548396 0.0124732 0.6536055 0.0077415 0.7566931
234.937900 -3.2714159 0.0996396 -0.7410812 0.0140771 0.6550117 0.0070217 0.7554549
235.145400 -3.1776671 0.0965694 -0.7278832 0.0153065 0.6570335 0.0053411 0.7536870
235.353500 -3.0847285 0.0931584 -0.7160217 0.0127470 0.6587678 0.0051012 0.7522210
235.561500 -2.9903316 0.0901546 -0.7041115 0.0123009 0.6604736 0.0051055 0.7507311
235.873600 -2.8499596 0.0858207 -0.6890708 0.0159900 0.6618194 0.0046623 0.7494783
236.081600 -2.7586746 0.0823271 -0.6782132 0.0158806 0.6628832 0.0061391 0.7485292
236.290500 -2.6675456 0.0791752 -0.6679154 0.0154849 0.6641132 0.0077986 0.7474310
236.497800 -2.5792027 0.0762011 -0.6587681 0.0165689 0.6650457 0.0081434 0.7465744
236.705900 -2.4919677 0.0729690 -0.6488461 0.0178286 0.6660417 0.0071788 0.7456668
236.914000 -2.4056756 0.0697860 -0.6389498 0.0173768 0.6667957 0.0081499 0.7449934
237.122100 -2.3223617 0.0666703 -0.6298817 0.0169916 0.6674860 0.0086576 0.7443781
237.330200 -2.2410185 0.0640724 -0.6208813 0.0174218 0.6684091 0.0086663 0.7435393
237.538300 -2.1617806 0.0612576 -0.6129981 0.0151788 0.6687896 0.0122011 0.7431966
237.747400 -2.0856335 0.0590290 -0.6049570 0.0127425 0.6697626 0.0155262 0.7423036
237.954600 -2.0124505 0.0573672 -0.5974966 0.0134745 0.6704757 0.0145543 0.7416663
238.162700 -1.9432342 0.0554314 -0.5900259 0.0146277 0.6712913 0.0117067 0.7409568
238.475100 -1.8451660 0.0523338 -0.5803552 0.0157752 0.6713787 0.0119773 0.7408497
240.142100 -1.4399790 0.0387474 -0.5409629 0.0218408 0.6765698 0.0105511 0.7359790
240.454600 -1.3908231 0.0367280 -0.5368180 0.0238509 0.6770438 0.0093129 0.7354972
240.767000 -1.3502889 0.0347047 -0.5330575 0.0245977 0.6741764 0.0076881 0.7381206
249.728100 -1.2186828 0.0283587 -0.5038087 0.0190065 0.6139897 0.0013294 0.7890841
250.040600 -1.2124760 0.0279562 -0.5013773 0.0220644 0.6082208 -0.0018842 0.7934589
250.352700 -1.1980786 0.0270634 -0.4950913 0.0214937 0.5939984 -0.0036528 0.8041707
251.599000 -1.0748805 0.0217049 -0.4135340 0.0080348 0.4101844 -0.0053153 0.9119517
251.806700 -1.0480666 0.0205907 -0.3848365 0.0090942 0.3635112 -0.0065079 0.9315227
252.014500 -1.0224168 0.0197116 -0.3503081 0.0068808 0.3156195 -0.0068290 0.9488363
252.222500 -0.9985652 0.0182120 -0.3094068 0.0029828 0.2685618 -0.0047658 0.9632460
252.639000 -0.9474539 0.0187579 -0.2012455 0.0025658 0.1780456 -0.0060507 0.9840003
252.743200 -0.9384308 0.0185325 -0.1718118 0.0025953 0.1592422 -0.0042171 0.9872271
252.847500 -0.9296174 0.0182324 -0.1416546 0.0036832 0.1407417 -0.0019832 0.9900375
253.056000 -0.9145967 0.0173453 -0.0760147 0.0053648 0.1050786 0.0062873 0.9944296
253.681500 -0.9088491 0.0148849 0.1432816 0.0095512 0.0183951 0.0058898 0.9997678
254.203500 -0.9350315 0.0082156 0.3618274 0.0104655 -0.0092369 -0.0025187 0.9998994
254.725500 -1.0065746 -0.0112241 0.5720246 0.0035784 0.0038030 -0.0026420 0.9999829
255.246700 -1.0384471 -0.0177725 0.8707458 -0.0026037 0.0050420 -0.0049994 0.9999714
255.663600 -1.0261118 -0.0203931 1.1083336 -0.0050401 -0.0038369 -0.0054621 0.9999650
256.080400 -0.9866562 -0.0163045 1.3525548 -0.0005474 -0.0235629 -0.0069247 0.9996982
256.497000 -0.9849358 -0.0186472 1.5744952 0.0004595 -0.0288912 -0.0059489 0.9995648
256.913500 -0.9818523 -0.0212485 1.7936419 0.0053606 -0.0345394 -0.0018942 0.9993871
257.434100 -1.0039132 -0.0266233 2.0747690 0.0002196 -0.0336823 0.0030266 0.9994280
257.954800 -1.0257807 -0.0324925 2.3445096 0.0037903 -0.0328500 -0.0034420 0.9994472
258.371300 -1.0398567 -0.0372686 2.5559378 0.0012883 -0.0340847 -0.0017630 0.9994166
258.996100 -1.0656524 -0.0450763 2.8667419 0.0017057 -0.0359803 -0.0022793 0.9993485
259.621100 -1.0927154 -0.0515793 3.1735122 0.0012858 -0.0375921 -0.0030802 0.9992876
260.141700 -1.1150825 -0.0565949 3.4229829 0.0000463 -0.0381846 -0.0020512 0.9992686
260.558300 -1.1326545 -0.0603794 3.6207919 -0.0004353 -0.0358892 -0.0011584 0.9993550
261.079100 -1.1516666 -0.0658910 3.8674216 0.0059875 -0.0324724 -0.0026959 0.9994510
262.120700 -1.1838400 -0.0792396 4.3482203 0.0113571 -0.0220794 -0.0018182 0.9996901
262.329100 -1.1861289 -0.0827962 4.4475875 0.0065326 -0.0264250 -0.0039540 0.9996216
262.745600 -1.2131151 -0.0855491 4.6485853 -0.0041190 -0.0290765 -0.0041842 0.9995599
263.058100 -1.2271494 -0.0862973 4.8046131 -0.0023220 -0.0319688 -0.0006960 0.9994859
263.266600 -1.2365407 -0.0885134 4.9107146 0.0071849 -0.0329109 0.0007656 0.9994321
263.475000 -1.2467443 -0.0914131 5.0201187 0.0091454 -0.0333403 0.0014188 0.9994012
263.683200 -1.2544748 -0.0940125 5.1321931 0.0044111 -0.0350613 0.0016491 0.9993741
263.891500 -1.2644519 -0.0969863 5.2467370 0.0049479 -0.0355786 0.0002297 0.9993546
264.099900 -1.2713993 -0.0995815 5.3635435 0.0046083 -0.0380572 -0.0005165 0.9992648
264.308100 -1.2691069 -0.1035373 5.4827247 0.0009299 -0.0425673 -0.0013144 0.9990923
264.516300 -1.2815413 -0.1058286 5.5986257 0.0008493 -0.0442124 -0.0017149 0.9990203
264.724600 -1.2946681 -0.1076988 5.7148142 0.0009339 -0.0457114 -0.0014544 0.9989532
264.932800 -1.3068159 -0.1099474 5.8318295 -0.0001038 -0.0460425 -0.0022630 0.9989369
265.141200 -1.3186101 -0.1123779 5.9479818 0.0020651 -0.0463069 -0.0025293 0.9989219
265.349500 -1.3311865 -0.1144743 6.0642576 -0.0008810 -0.0467548 -0.0016158 0.9989047
265.557700 -1.3428516 -0.1160602 6.1794190 -0.0031879 -0.0486540 -0.0008343 0.9988102
265.766000 -1.3551142 -0.1178983 6.2934332 -0.0004592 -0.0499159 -0.0015874 0.9987521
265.974200 -1.3677757 -0.1205677 6.4067888 0.0003741 -0.0492892 -0.0022652 0.9987819
266.182600 -1.3796240 -0.1226947 6.5188656 -0.0008878 -0.0476348 -0.0017629 0.9988629
266.391000 -1.3908732 -0.1249611 6.6282263 -0.0004612 -0.0463306 -0.0019573 0.9989241
266.599200 -1.4019153 -0.1274873 6.7368984 -0.0013072 -0.0442402 -0.0029710 0.9990156
266.807600 -1.4130597 -0.1294874 6.8440385 -0.0000007 -0.0425623 -0.0039727 0.9990859
267.016000 -1.4231718 -0.1315558 6.9500532 0.0016511 -0.0409355 -0.0044949 0.9991503
267.224300 -1.4324757 -0.1337683 7.0555372 0.0042280 -0.0390436 -0.0035389 0.9992223
267.432700 -1.4415082 -0.1363898 7.1594009 0.0023704 -0.0372855 -0.0019472 0.9992999
267.641100 -1.4500240 -0.1389279 7.2628474 0.0043447 -0.0368433 -0.0046877 0.9993006
267.849300 -1.4598711 -0.1419344 7.3671699 0.0094351 -0.0364199 -0.0103284 0.9992387
268.057600 -1.4697402 -0.1448240 7.4739313 0.0080560 -0.0380098 -0.0123981 0.9991680
268.266000 -1.4779860 -0.1479060 7.5788713 0.0070683 -0.0402344 -0.0079740 0.9991335
268.474200 -1.4894239 -0.1509275 7.6819263 0.0011303 -0.0414444 -0.0058205 0.9991232
268.682600 -1.4968439 -0.1525021 7.7941060 -0.0061404 -0.0440964 -0.0014520 0.9990073
268.995100 -1.5222559 -0.1540754 7.9399300 0.0012922 -0.0428650 -0.0006764 0.9990798
269.203500 -1.5509765 -0.1485386 8.0585175 0.0081500 -0.0361778 -0.0031846 0.9993070
269.932600 -1.5611068 -0.1667410 8.4474154 0.0043504 -0.0430827 -0.0041405 0.9990535
270.557500 -1.5758853 -0.1695966 8.8102798 0.0071461 -0.0487553 -0.0018325 0.9987835
270.974100 -1.6114180 -0.1817952 9.0249090 0.0028798 -0.0406561 -0.0062654 0.9991494
271.494700 -1.6439383 -0.1890669 9.2882652 -0.0005564 -0.0370990 -0.0078149 0.9992809
272.015500 -1.6586034 -0.1953773 9.5693932 0.0033472 -0.0373215 -0.0069162 0.9992738
272.536200 -1.6752466 -0.2027592 9.8063688 0.0035545 -0.0379127 -0.0062216 0.9992554
272.953000 -1.6761339 -0.2089458 10.0060558 0.0018943 -0.0419735 -0.0026219 0.9991135
273.369900 -1.6951236 -0.2123072 10.1863308 0.0027847 -0.0374694 0.0003964 0.9992938
273.786700 -1.7199507 -0.2143675 10.3765154 0.0131026 -0.0295058 0.0008947 0.9994783
274.515600 -1.7497916 -0.2264130 10.6732616 0.0001016 -0.0511425 -0.0051274 0.9986782
274.724000 -1.7593589 -0.2271891 10.7636042 -0.0004445 -0.0569870 -0.0042450 0.9983658
275.037000 -1.7754127 -0.2296757 10.9014654 0.0034806 -0.0557291 -0.0073378 0.9984129
275.349900 -1.7913115 -0.2316374 11.0485229 0.0071008 -0.0524113 -0.0011382 0.9985997
275.558400 -1.8019083 -0.2346839 11.1478014 0.0105194 -0.0508461 -0.0003404 0.9986510
275.871100 -1.8192762 -0.2387308 11.3010130 0.0064366 -0.0490412 -0.0027513 0.9987722
276.079600 -1.8291107 -0.2412440 11.4042425 0.0057431 -0.0481956 0.0000694 0.9988214
276.288000 -1.8396579 -0.2439258 11.5094957 0.0096960 -0.0480409 0.0016482 0.9987969
276.496500 -1.8507901 -0.2476509 11.6156826 0.0095941 -0.0473205 0.0011326 0.9988330
276.704900 -1.8618343 -0.2508401 11.7237310 0.0046829 -0.0469757 0.0005518 0.9988849
276.913100 -1.8723874 -0.2539078 11.8311825 0.0034621 -0.0467460 -0.0008835 0.9989004
277.121500 -1.8839424 -0.2569323 11.9371328 0.0049658 -0.0463520 -0.0026341 0.9989094
277.329900 -1.8948675 -0.2596056 12.0425682 0.0077414 -0.0460056 -0.0013320 0.9989102
277.538200 -1.9042391 -0.2639340 12.1468296 0.0069964 -0.0458738 0.0008398 0.9989223
277.746600 -1.9141523 -0.2669023 12.2507362 0.0028059 -0.0454795 0.0003556 0.9989612
277.954900 -1.9240822 -0.2700099 12.3538637 0.0058961 -0.0451369 -0.0029694 0.9989589
278.163200 -1.9343241 -0.2730746 12.4552298 0.0059199 -0.0443096 -0.0057932 0.9989834
278.371500 -1.9434985 -0.2761140 12.5547857 0.0038327 -0.0450026 -0.0045690 0.9989690
278.579900 -1.9535567 -0.2790807 12.6509933 0.0021056 -0.0459493 -0.0035657 0.9989351
278.788100 -1.9632833 -0.2813765 12.7458105 0.0043875 -0.0471258 -0.0040852 0.9988709
278.996200 -1.9724667 -0.2842526 12.8382626 0.0034370 -0.0486156 -0.0046809 0.9988006
279.204500 -1.9817536 -0.2868206 12.9283781 -0.0016774 -0.0498687 -0.0049712 0.9987419
279.412800 -1.9908683 -0.2888063 13.0142021 -0.0017540 -0.0505917 -0.0054307 0.9987031
279.621000 -2.0004153 -0.2904641 13.0981722 0.0029543 -0.0509824 -0.0052817 0.9986812
279.829400 -2.0090601 -0.2927895 13.1821671 0.0029153 -0.0514903 -0.0045944 0.9986587
280.037700 -2.0182269 -0.2947495 13.2662945 0.0025874 -0.0508096 -0.0056901 0.9986888
280.246100 -2.0273118 -0.2971617 13.3488445 0.0071699 -0.0486478 -0.0083757 0.9987551
280.454600 -2.0357590 -0.2996196 13.4316626 0.0109781 -0.0463662 -0.0107846 0.9988059
280.663000 -2.0435572 -0.3026643 13.5149431 0.0104444 -0.0436389 -0.0133726 0.9989033
280.871400 -2.0507216 -0.3056495 13.5988226 0.0088899 -0.0404707 -0.0118109 0.9990714
281.079700 -2.0577404 -0.3083449 13.6827641 0.0075473 -0.0371845 -0.0111175 0.9992180
281.288100 -2.0638683 -0.3105705 13.7682552 0.0059828 -0.0340234 -0.0107290 0.9993455
281.600700 -2.0734899 -0.3135912 13.8992796 0.0061282 -0.0280822 -0.0131593 0.9995002
281.809300 -2.0781713 -0.3155853 13.9883499 0.0064245 -0.0241840 -0.0115936 0.9996196
282.121900 -2.0836284 -0.3193621 14.1250124 0.0116060 -0.0185452 -0.0092269 0.9997181
282.434500 -2.0884297 -0.3250151 14.2647038 0.0091020 -0.0121163 -0.0096711 0.9998384
282.642900 -2.0904057 -0.3279298 14.3594217 0.0105758 -0.0077439 -0.0096561 0.9998674
282.851200 -2.0913582 -0.3318843 14.4551296 0.0137532 -0.0039284 -0.0099006 0.9998487
283.059600 -2.0918658 -0.3357341 14.5524569 0.0148317 0.0004137 -0.0099479 0.9998404
283.268000 -2.0911205 -0.3396781 14.6519356 0.0093545 0.0046209 -0.0097119 0.9998984
283.580600 -2.0899107 -0.3450274 14.8009768 0.0076781 0.0102497 -0.0068549 0.9998945
283.788900 -2.0879569 -0.3486368 14.9031267 0.0117382 0.0116084 -0.0059246 0.9998462
283.997100 -2.0859947 -0.3523988 15.0063019 0.0121091 0.0124179 -0.0062562 0.9998300
284.205400 -2.0844972 -0.3561942 15.1105261 0.0099106 0.0132759 -0.0058263 0.9998458
284.413600 -2.0820138 -0.3597471 15.2163076 0.0114804 0.0130338 -0.0042592 0.9998401
284.621900 -2.0795445 -0.3641223 15.3227081 0.0107456 0.0122745 -0.0037127 0.9998600
284.830100 -2.0771444 -0.3675126 15.4296589 0.0066195 0.0116391 -0.0024790 0.9999073
285.038200 -2.0755782 -0.3710577 15.5351706 0.0068485 0.0108671 -0.0016290 0.9999162
285.246400 -2.0741389 -0.3745168 15.6398354 0.0088052 0.0098843 -0.0036378 0.9999058
285.454600 -2.0728624 -0.3785556 15.7441425 0.0087693 0.0086298 -0.0041921 0.9999155
285.662700 -2.0716527 -0.3824885 15.8476658 0.0082835 0.0073256 -0.0054872 0.9999238
285.975100 -2.0715318 -0.3880813 16.0011311 0.0082901 0.0053381 -0.0071160 0.9999261
286.183400 -2.0718317 -0.3922605 16.1025944 0.0106338 0.0033873 -0.0062330 0.9999183
286.391500 -2.0718262 -0.3961712 16.2029438 0.0109142 0.0011764 -0.0029106 0.9999355
286.599700 -2.0724638 -0.3998233 16.3037930 0.0011149 -0.0000825 -0.0040249 0.9999913
286.808100 -2.0739634 -0.4022380 16.4028397 0.0016417 -0.0005927 -0.0075901 0.9999697
287.120500 -2.0765376 -0.4067619 16.5476704 0.0080163 -0.0014690 -0.0136627 0.9998735
287.432900 -2.0781081 -0.4112444 16.6934280 0.0039002 -0.0030773 -0.0166376 0.9998493
