0.000000 0.0000000 0.0000000 0.0000000 0.0000000 0.0000000 0.0000000 1.0000000
0.208254 -0.0003836 -0.0011005 0.0643831 -0.0009407 -0.0002747 0.0008443 0.9999992
0.312504 -0.0004807 -0.0016566 0.0967759 -0.0004710 -0.0003419 0.0015233 0.9999987
0.520755 -0.0006881 -0.0027663 0.1619440 -0.0010153 -0.0003797 0.0021077 0.9999972
0.625004 -0.0008372 -0.0031931 0.1947212 -0.0015042 -0.0003312 0.0027199 0.9999951
0.833252 -0.0012014 -0.0041967 0.2605655 -0.0008376 -0.0006942 0.0020083 0.9999974
0.937506 -0.0014161 -0.0048998 0.2935692 0.0001139 -0.0007425 0.0005184 0.9999996
1.145875 -0.0023144 -0.0060212 0.3592780 0.0007291 -0.0005733 -0.0025390 0.9999964
1.354255 -0.0023357 -0.0071075 0.4250821 -0.0010563 -0.0004210 -0.0017084 0.9999979
1.562526 -0.0023793 -0.0082402 0.4907644 -0.0009169 -0.0005556 0.0015604 0.9999982
1.771007 -0.0027187 -0.0096240 0.5564600 0.0005985 -0.0003799 0.0012839 0.9999989
1.979377 -0.0029684 -0.0104609 0.6225410 -0.0020965 0.0002208 -0.0004304 0.9999977
2.187759 -0.0031698 -0.0112740 0.6878269 -0.0022137 0.0002528 0.0026642 0.9999940
2.396132 -0.0027324 -0.0125817 0.7545918 0.0000463 0.0002535 0.0028971 0.9999958
2.604383 -0.0030374 -0.0137176 0.8216982 0.0016236 0.0007781 0.0007089 0.9999982
2.812757 -0.0031803 -0.0150279 0.8888901 0.0005794 0.0007501 0.0005457 0.9999994
3.021006 -0.0037687 -0.0161191 0.9567657 -0.0002809 0.0006171 -0.0014626 0.9999987
3.229379 -0.0043069 -0.0170078 1.0242897 -0.0001714 0.0007800 -0.0038946 0.9999921
3.437629 -0.0047500 -0.0184220 1.0919572 -0.0002185 0.0004982 -0.0039674 0.9999920
3.645880 -0.0054147 -0.0194387 1.1607882 -0.0000861 -0.0001289 -0.0030859 0.9999952
3.854131 -0.0063898 -0.0204902 1.2293257 -0.0004907 -0.0009221 -0.0034024 0.9999937
4.062383 -0.0068222 -0.0215904 1.2984767 -0.0011150 -0.0021949 -0.0033987 0.9999912
4.270633 -0.0077894 -0.0225906 1.3686240 -0.0015348 -0.0026939 -0.0020593 0.9999931
4.478884 -0.0085184 -0.0237173 1.4377733 -0.0014393 -0.0030018 -0.0003580 0.9999944
4.791384 -0.0097716 -0.0254911 1.5405779 -0.0018372 -0.0022574 0.0014395 0.9999947
4.999630 -0.0103691 -0.0264681 1.6076782 -0.0012600 -0.0016860 0.0020235 0.9999957
5.311998 -0.0122596 -0.0276282 1.7105311 -0.0022417 -0.0006086 -0.0019165 0.9999955
5.624505 -0.0134011 -0.0292265 1.8122019 -0.0022448 0.0004054 -0.0072539 0.9999711
5.832639 -0.0141444 -0.0303430 1.8790808 -0.0023384 0.0009975 -0.0085675 0.9999601
6.040889 -0.0145988 -0.0313732 1.9455266 -0.0017551 0.0010524 -0.0072782 0.9999714
6.249010 -0.0149827 -0.0328563 2.0124483 -0.0020204 0.0007654 -0.0070094 0.9999731
6.561386 -0.0157441 -0.0350951 2.1130195 -0.0027110 -0.0003309 -0.0065177 0.9999750
6.873636 -0.0164867 -0.0361250 2.2109330 -0.0032239 -0.0017252 -0.0033528 0.9999877
7.081885 -0.0169715 -0.0374071 2.2761478 -0.0028825 -0.0021062 -0.0023426 0.9999909
7.290011 -0.0172401 -0.0382794 2.3412659 -0.0021900 -0.0023308 -0.0023957 0.9999920
7.498256 -0.0182306 -0.0395542 2.4058561 -0.0021813 -0.0019890 -0.0035047 0.9999895
7.706383 -0.0184555 -0.0403158 2.4703462 -0.0033905 -0.0019555 -0.0044562 0.9999824
7.914632 -0.0190598 -0.0415303 2.5343082 -0.0017568 -0.0017923 -0.0038700 0.9999894
8.122760 -0.0194253 -0.0422473 2.5984251 -0.0015691 -0.0018754 -0.0023689 0.9999942
8.331011 -0.0199046 -0.0432492 2.6625464 -0.0028184 -0.0011482 -0.0007597 0.9999951
8.539282 -0.0205192 -0.0440497 2.7255249 -0.0007930 -0.0002705 -0.0017924 0.9999980
8.747509 -0.0211035 -0.0452305 2.7890873 0.0002690 0.0010159 -0.0042477 0.9999904
8.955763 -0.0212736 -0.0463565 2.8532188 -0.0018604 0.0022847 -0.0051443 0.9999824
9.164012 -0.0214549 -0.0473580 2.9166968 -0.0018381 0.0032290 -0.0048110 0.9999815
9.372259 -0.0214223 -0.0481182 2.9813507 -0.0013273 0.0043777 -0.0065046 0.9999683
9.580513 -0.0213193 -0.0494738 3.0452356 -0.0006279 0.0055061 -0.0074787 0.9999567
9.788784 -0.0210224 -0.0504715 3.1091070 -0.0009005 0.0064652 -0.0070510 0.9999538
9.997010 -0.0207036 -0.0517080 3.1729019 -0.0016560 0.0070146 -0.0060804 0.9999555
10.205260 -0.0198979 -0.0527534 3.2371976 -0.0021116 0.0067120 -0.0041203 0.9999667
10.413390 -0.0194538 -0.0537007 3.3012245 -0.0019544 0.0058290 -0.0022591 0.9999785
10.621640 -0.0192440 -0.0546222 3.3650775 -0.0024730 0.0047966 -0.0009868 0.9999849
10.829890 -0.0188878 -0.0554348 3.4281662 -0.0021216 0.0035573 -0.0008056 0.9999911
11.038140 -0.0187048 -0.0563580 3.4922888 -0.0006468 0.0026031 0.0005052 0.9999962
11.246390 -0.0182575 -0.0574364 3.5561874 -0.0017151 0.0014500 0.0071364 0.9999720
11.454640 -0.0176511 -0.0586224 3.6206155 -0.0009960 0.0000771 0.0123946 0.9999227
11.663020 -0.0179581 -0.0597541 3.6845119 0.0016681 0.0006741 0.0103290 0.9999450
11.871260 -0.0182052 -0.0609938 3.7485321 0.0000439 0.0015740 0.0120281 0.9999264
12.079640 -0.0176087 -0.0619424 3.8130019 -0.0019011 0.0015769 0.0163910 0.9998626
12.287890 -0.0179531 -0.0630806 3.8772149 -0.0023934 0.0022409 0.0163309 0.9998612
12.496260 -0.0180970 -0.0640859 3.9414716 -0.0008458 0.0031570 0.0123650 0.9999182
12.704520 -0.0179068 -0.0650712 4.0055041 -0.0011995 0.0037171 0.0098700 0.9999437
12.912790 -0.0182140 -0.0661646 4.0702295 0.0002449 0.0034359 0.0080653 0.9999616
13.121140 -0.0181984 -0.0675695 4.1344228 0.0023291 0.0031612 0.0030356 0.9999877
13.329390 -0.0185332 -0.0689238 4.1992784 0.0007551 0.0037857 -0.0009378 0.9999921
13.537640 -0.0187176 -0.0697667 4.2644091 -0.0006967 0.0035556 0.0004085 0.9999933
13.745910 -0.0183365 -0.0709796 4.3307934 0.0013507 0.0014935 0.0017635 0.9999964
13.954150 -0.0184196 -0.0725253 4.3970752 0.0037191 0.0003083 -0.0014064 0.9999921
14.162520 -0.0192182 -0.0738853 4.4646311 0.0014914 0.0002905 -0.0042673 0.9999897
14.370770 -0.0196415 -0.0748945 4.5317822 0.0001680 0.0004538 -0.0043142 0.9999906
14.579010 -0.0200829 -0.0758971 4.5987821 -0.0004342 0.0006199 -0.0019811 0.9999977
14.787290 -0.0201266 -0.0769417 4.6653147 -0.0009510 0.0009318 0.0007955 0.9999988
14.995520 -0.0201818 -0.0778985 4.7331414 -0.0016112 0.0012498 0.0043975 0.9999883
15.203790 -0.0203634 -0.0792249 4.8001552 0.0030004 0.0015768 -0.0004718 0.9999942
15.412140 -0.0213051 -0.0807600 4.8671818 0.0011479 0.0030031 -0.0095009 0.9999497
15.620390 -0.0218079 -0.0817857 4.9355364 -0.0001328 0.0033901 -0.0087795 0.9999557
15.828640 -0.0215145 -0.0832281 5.0030413 0.0001578 0.0022176 -0.0065395 0.9999762
16.036770 -0.0217973 -0.0843953 5.0725970 0.0003943 0.0018870 -0.0075868 0.9999694
16.245020 -0.0222044 -0.0856007 5.1427603 0.0001853 0.0014869 -0.0077487 0.9999688
16.453270 -0.0222743 -0.0871486 5.2121587 0.0006264 0.0012672 -0.0071818 0.9999732
16.661520 -0.0225780 -0.0884002 5.2824688 0.0008134 0.0008873 -0.0074157 0.9999717
16.869650 -0.0230361 -0.0899314 5.3519044 0.0009102 0.0006349 -0.0080723 0.9999668
17.077890 -0.0235759 -0.0913181 5.4227500 0.0008791 0.0004177 -0.0079957 0.9999676
17.286140 -0.0237829 -0.0925525 5.4940948 0.0009232 0.0002486 -0.0070620 0.9999746
17.390270 -0.0242798 -0.0932003 5.5296698 0.0009026 0.0005156 -0.0066498 0.9999774
17.598420 -0.0244792 -0.0946795 5.6012464 0.0002771 0.0004997 -0.0059073 0.9999824
17.806640 -0.0243736 -0.0959065 5.6726537 0.0007653 0.0003920 -0.0066139 0.9999778
18.014770 -0.0249353 -0.0969506 5.7443366 -0.0005815 0.0011921 -0.0072410 0.9999729
18.223020 -0.0248256 -0.0983502 5.8158846 -0.0002018 0.0015344 -0.0073311 0.9999719
18.431150 -0.0250942 -0.0993105 5.8876247 0.0004408 0.0019450 -0.0079774 0.9999662
18.639420 -0.0255588 -0.1004310 5.9599152 -0.0001901 0.0019100 -0.0078913 0.9999670
18.743480 -0.0255721 -0.1010960 5.9962521 -0.0002604 0.0017247 -0.0080794 0.9999658
18.847540 -0.0257454 -0.1017619 6.0323730 -0.0004107 0.0018669 -0.0088214 0.9999592
18.951650 -0.0260628 -0.1022676 6.0689545 -0.0002868 0.0020265 -0.0095653 0.9999521
19.055650 -0.0262218 -0.1027608 6.1052899 -0.0003068 0.0020082 -0.0094091 0.9999537
19.263770 -0.0265082 -0.1039445 6.1781368 -0.0007076 0.0020984 -0.0079143 0.9999662
19.471780 -0.0264938 -0.1049383 6.2509804 -0.0007238 0.0018315 -0.0059731 0.9999802
19.679910 -0.0268517 -0.1059951 6.3229461 -0.0008965 0.0021945 -0.0048019 0.9999856
19.888070 -0.0277245 -0.1067565 6.3939319 -0.0012381 0.0025773 -0.0029357 0.9999916
20.096150 -0.0275830 -0.1079999 6.4653893 -0.0006391 0.0030488 -0.0032658 0.9999898
20.304270 -0.0273166 -0.1094280 6.5353365 -0.0006041 0.0040199 -0.0053553 0.9999774
20.512310 -0.0274991 -0.1106401 6.6077952 -0.0003054 0.0049662 -0.0065267 0.9999663
20.720420 -0.0267896 -0.1119022 6.6782517 0.0002368 0.0056444 -0.0062634 0.9999644
20.928690 -0.0258495 -0.1132464 6.7494092 -0.0004090 0.0063981 -0.0055736 0.9999639
21.032780 -0.0254194 -0.1139446 6.7852716 -0.0006583 0.0063912 -0.0048843 0.9999675
21.240880 -0.0241332 -0.1149761 6.8558798 0.0017216 0.0061900 -0.0040706 0.9999711
21.448900 -0.0233728 -0.1164153 6.9274125 0.0018442 0.0053601 -0.0041841 0.9999752
21.657020 -0.0238639 -0.1176472 6.9992275 0.0023312 0.0046576 -0.0038162 0.9999791
21.761020 -0.0230976 -0.1183925 7.0335364 0.0020151 0.0042893 -0.0038734 0.9999813
21.969150 -0.0235198 -0.1201431 7.1056280 0.0012322 0.0034835 -0.0034501 0.9999872
22.177150 -0.0235057 -0.1218060 7.1776524 0.0002679 0.0035633 -0.0044034 0.9999839
22.385270 -0.0236481 -0.1229896 7.2509828 0.0006244 0.0042692 -0.0039566 0.9999828
22.593280 -0.0234045 -0.1246248 7.3232799 0.0019702 0.0047150 -0.0023706 0.9999841
22.801400 -0.0234185 -0.1260380 7.3959813 0.0030381 0.0035901 -0.0024584 0.9999859
23.009400 -0.0236462 -0.1277743 7.4696193 0.0008852 0.0023584 -0.0034726 0.9999908
23.217420 -0.0236358 -0.1289511 7.5435972 -0.0009528 0.0026584 -0.0022019 0.9999936
23.425400 -0.0238015 -0.1302675 7.6170402 -0.0003277 0.0030311 -0.0012264 0.9999946
23.633550 -0.0238694 -0.1315458 7.6907716 -0.0004791 0.0033937 -0.0012220 0.9999934
23.841660 -0.0236787 -0.1330600 7.7655892 0.0002049 0.0037631 -0.0023849 0.9999900
24.049650 -0.0241127 -0.1342113 7.8390450 -0.0011395 0.0045183 -0.0010917 0.9999886
24.257780 -0.0242026 -0.1357373 7.9116631 -0.0007164 0.0045522 -0.0013246 0.9999885
24.465780 -0.0238018 -0.1369975 7.9843507 0.0018218 0.0039254 -0.0030584 0.9999859
24.673900 -0.0240907 -0.1384636 8.0566530 -0.0001913 0.0032050 -0.0040774 0.9999865
24.882030 -0.0240011 -0.1399455 8.1290693 -0.0010583 0.0019450 -0.0048843 0.9999856
25.090170 -0.0241203 -0.1411610 8.2015142 -0.0009302 0.0001615 -0.0039310 0.9999918
25.298280 -0.0243353 -0.1426928 8.2731285 -0.0010113 -0.0006917 -0.0028634 0.9999952
25.506530 -0.0244358 -0.1438806 8.3453245 -0.0004387 -0.0010083 -0.0024037 0.9999965
25.714650 -0.0246814 -0.1452101 8.4170122 -0.0001064 -0.0010440 -0.0018720 0.9999977
25.922780 -0.0251809 -0.1467617 8.4895000 -0.0000341 -0.0011910 -0.0013270 0.9999984
26.130900 -0.0261346 -0.1478647 8.5621538 0.0012082 -0.0011002 -0.0009584 0.9999982
26.339150 -0.0263061 -0.1491909 8.6336584 0.0000883 -0.0012213 0.0004894 0.9999991
26.547800 -0.0270094 -0.1505019 8.7049618 0.0007810 -0.0009775 0.0002832 0.9999992
26.757930 -0.0274133 -0.1517672 8.7757397 0.0000685 -0.0006516 -0.0009364 0.9999993
26.963660 -0.0286494 -0.1531798 8.8477507 0.0003662 -0.0002149 -0.0001152 0.9999999
27.171920 -0.0296157 -0.1543288 8.9198408 0.0007365 0.0001318 -0.0000818 0.9999997
27.380140 -0.0300586 -0.1546874 8.9915113 0.0007693 0.0002393 -0.0010176 0.9999992
27.588410 -0.0306015 -0.1559370 9.0628319 0.0016049 0.0005515 -0.0026408 0.9999951
27.796540 -0.0310736 -0.1581334 9.1338453 0.0006819 0.0009766 -0.0026244 0.9999958
28.005230 -0.0308114 -0.1595554 9.2067823 0.0006887 0.0007811 -0.0032765 0.9999941
28.108940 -0.0309999 -0.1597406 9.2434387 0.0010287 0.0009010 -0.0033174 0.9999936
