0.000000 -0.7434818 0.0478598 -1.0177511 -0.0018339 -0.0136921 -0.0015623 0.9999034
0.104228 -0.7363755 0.0479158 -0.9888993 -0.0010893 -0.0189363 -0.0004387 0.9998200
0.208477 -0.7364404 0.0476137 -0.9626004 -0.0002603 -0.0198649 -0.0001633 0.9998026
0.729727 -0.7388152 0.0447742 -0.8334454 0.0019782 -0.0253357 0.0031673 0.9996720
0.938359 -0.7409645 0.0434823 -0.7777265 0.0035445 -0.0268957 0.0029524 0.9996276
1.042605 -0.7422714 0.0428000 -0.7493693 0.0054702 -0.0276918 0.0020914 0.9995993
1.146853 -0.7437576 0.0422520 -0.7202049 0.0073550 -0.0284220 0.0013577 0.9995680
1.876603 -0.7542509 0.0385253 -0.4770663 0.0024866 -0.0345814 -0.0039404 0.9993910
1.980855 -0.7564732 0.0382812 -0.4388830 0.0015595 -0.0352903 -0.0029108 0.9993716
2.189354 -0.7617717 0.0377313 -0.3573278 -0.0067535 -0.0361067 -0.0020316 0.9993231
2.397855 -0.7681621 0.0373705 -0.2726274 -0.0075614 -0.0367369 -0.0008612 0.9992960
3.231728 -0.7996537 0.0328131 0.0762842 0.0043859 -0.0353067 -0.0003057 0.9993669
3.648605 -0.8212295 0.0292396 0.2542240 0.0058550 -0.0351951 -0.0039245 0.9993556
3.856982 -0.8308489 0.0273433 0.3468508 0.0052930 -0.0356011 -0.0044680 0.9993421
4.065354 -0.8428968 0.0256923 0.4434870 0.0039162 -0.0356066 -0.0051367 0.9993450
4.273854 -0.8551390 0.0235674 0.5423291 0.0048476 -0.0356794 -0.0057573 0.9993349
4.482232 -0.8689735 0.0217211 0.6437424 0.0031259 -0.0358118 -0.0058727 0.9993364
4.794755 -0.8899050 0.0203950 0.8044316 0.0004228 -0.0369729 -0.0053880 0.9993017
5.003109 -0.9133161 0.0197710 0.9218848 0.0020367 -0.0360153 -0.0053681 0.9993348
5.211513 -0.9323925 0.0174630 1.0355896 0.0003171 -0.0355518 -0.0053649 0.9993534
5.523983 -0.9603460 0.0124769 1.2079719 0.0008173 -0.0342183 -0.0073492 0.9993870
5.732480 -0.9794611 0.0088312 1.3217937 0.0029546 -0.0332199 -0.0089580 0.9994035
5.940858 -0.9922069 0.0060091 1.4321512 0.0003792 -0.0330155 -0.0097958 0.9994068
6.149354 -1.0056797 0.0039509 1.5407053 0.0003942 -0.0322442 -0.0092565 0.9994371
6.357731 -1.0154738 0.0012697 1.6441441 0.0021098 -0.0317992 -0.0092901 0.9994489
6.566109 -1.0242106 -0.0017620 1.7475545 0.0046933 -0.0314732 -0.0080889 0.9994608
6.774485 -1.0347440 -0.0041803 1.8501414 0.0044069 -0.0308827 -0.0064266 0.9994926
6.982859 -1.0421684 -0.0067437 1.9562582 -0.0017360 -0.0305052 -0.0053981 0.9995185
7.191236 -1.0498908 -0.0087467 2.0617785 -0.0008573 -0.0303137 -0.0026518 0.9995365
7.399507 -1.0562524 -0.0107579 2.1677253 0.0027856 -0.0307873 -0.0027864 0.9995182
7.607858 -1.0644732 -0.0132060 2.2734005 0.0054194 -0.0303984 -0.0045909 0.9995126
7.816232 -1.0748129 -0.0162921 2.3789456 0.0026145 -0.0295921 -0.0077768 0.9995284
8.024607 -1.0819660 -0.0185850 2.4853208 0.0018264 -0.0297436 -0.0066063 0.9995341
8.232862 -1.0897706 -0.0207348 2.5904338 0.0000392 -0.0298918 -0.0053173 0.9995390
8.441112 -1.0976732 -0.0231048 2.6936927 -0.0002973 -0.0304594 -0.0045532 0.9995256
8.649487 -1.1045221 -0.0251575 2.7975507 0.0027187 -0.0315484 -0.0048210 0.9994869
8.857735 -1.1121981 -0.0272954 2.9019439 -0.0000903 -0.0319147 -0.0066699 0.9994683
9.065987 -1.1202093 -0.0298209 3.0036657 -0.0027613 -0.0324624 -0.0078205 0.9994385
9.274360 -1.1270548 -0.0318525 3.1054544 -0.0015237 -0.0332315 -0.0075972 0.9994177
9.690863 -1.1386684 -0.0362333 3.2989616 -0.0041154 -0.0357364 -0.0056869 0.9993366
9.899109 -1.1446421 -0.0378688 3.3912883 -0.0046621 -0.0379884 -0.0045892 0.9992568
10.107490 -1.1512345 -0.0392435 3.4798548 -0.0036843 -0.0417251 -0.0042073 0.9991135
10.315740 -1.1576991 -0.0407587 3.5641954 -0.0045137 -0.0457140 -0.0045356 0.9989341
10.940860 -1.1776370 -0.0443934 3.7858803 -0.0038940 -0.0562674 -0.0086989 0.9983702
11.149240 -1.1843458 -0.0449020 3.8494024 -0.0002720 -0.0592739 -0.0107921 0.9981834
11.566360 -1.1963987 -0.0476317 3.9600861 -0.0013589 -0.0561749 -0.0160073 0.9982917
12.819860 -1.1950593 -0.0530410 4.2045488 0.0055395 0.0671743 -0.0078715 0.9976948
13.028860 -1.1847250 -0.0541967 4.2386422 0.0065904 0.1065845 -0.0046263 0.9942710
13.446740 -1.1585587 -0.0570318 4.3027415 0.0060052 0.1997919 -0.0049637 0.9798074
13.760010 -1.1305752 -0.0592659 4.3480334 0.0094253 0.2747528 -0.0040928 0.9614600
13.968740 -1.1076865 -0.0604391 4.3752985 0.0128453 0.3255287 -0.0079715 0.9454113
14.177490 -1.0809337 -0.0621923 4.4012103 0.0138222 0.3779975 -0.0096491 0.9256532
14.386120 -1.0495690 -0.0635740 4.4236279 0.0126754 0.4289344 -0.0071263 0.9032186
14.594740 -1.0148855 -0.0651709 4.4437189 0.0103111 0.4796389 -0.0056237 0.8773873
14.803370 -0.9775761 -0.0672972 4.4598336 0.0074142 0.5293478 -0.0047504 0.8483592
15.011990 -0.9368737 -0.0689432 4.4735966 0.0093314 0.5748028 -0.0092975 0.8181860
15.220240 -0.8917805 -0.0709989 4.4831557 0.0128789 0.6115234 -0.0071257 0.7910895
15.428120 -0.8427784 -0.0724770 4.4902258 0.0175597 0.6375970 -0.0035088 0.7701619
15.636010 -0.7893915 -0.0743972 4.4976354 0.0122335 0.6581199 -0.0047386 0.7527989
15.843870 -0.7322543 -0.0764958 4.5026836 0.0092883 0.6755968 -0.0029756 0.7372068
16.051740 -0.6708415 -0.0785134 4.5048823 0.0146919 0.6894447 0.0004488 0.7241892
16.467120 -0.5336670 -0.0827491 4.5078955 0.0189840 0.7018417 0.0005271 0.7120798
16.674850 -0.4589639 -0.0856148 4.5098000 0.0182079 0.7010416 0.0012884 0.7128867
16.882610 -0.3809536 -0.0883891 4.5126176 0.0172271 0.7001911 -0.0008854 0.7137471
17.090490 -0.2987746 -0.0916679 4.5152426 0.0169761 0.6996484 -0.0012907 0.7142845
17.298620 -0.2128794 -0.0951422 4.5179210 0.0161488 0.6993367 -0.0000842 0.7146100
17.506740 -0.1267202 -0.0983293 4.5200291 0.0141880 0.6998379 0.0007695 0.7141604
17.715000 -0.0379832 -0.1011405 4.5223465 0.0134024 0.7007002 0.0025539 0.7133253
18.027490 0.0980049 -0.1054909 4.5261321 0.0125976 0.7022600 0.0001566 0.7118091
18.235760 0.1907481 -0.1085120 4.5276709 0.0154052 0.7029089 -0.0015106 0.7111114
18.548250 0.3327862 -0.1133609 4.5312905 0.0087945 0.7041306 -0.0002285 0.7100160
18.756500 0.4267934 -0.1163810 4.5332961 0.0040970 0.7043170 0.0000308 0.7098738
18.964900 0.5189226 -0.1193603 4.5341568 0.0124582 0.7035509 -0.0043901 0.7105221
19.277500 0.6566272 -0.1245930 4.5363522 0.0118950 0.7026082 0.0010973 0.7114766
19.485910 0.7473493 -0.1281023 4.5378981 0.0112215 0.7025440 0.0022729 0.7115481
19.694390 0.8367702 -0.1306408 4.5398540 0.0102258 0.7036126 0.0001651 0.7105102
19.902930 0.9251025 -0.1339487 4.5413580 0.0097403 0.7053009 -0.0003582 0.7088410
20.111410 1.0130501 -0.1369282 4.5422730 0.0083723 0.7067059 -0.0013872 0.7074565
20.319990 1.0996037 -0.1397817 4.5424194 0.0082881 0.7081268 -0.0008391 0.7060361
20.528590 1.1846830 -0.1428500 4.5422783 0.0086991 0.7090851 -0.0009970 0.7050686
20.737490 1.2690820 -0.1458568 4.5421004 0.0086975 0.7101191 0.0003859 0.7040277
20.945510 1.3516672 -0.1486530 4.5420380 0.0072392 0.7110337 -0.0001673 0.7031206
21.153990 1.4311526 -0.1511999 4.5416198 0.0063322 0.7115825 -0.0000263 0.7025740
21.362520 1.5077022 -0.1538611 4.5411787 0.0083702 0.7116504 -0.0017169 0.7024818
21.571010 1.5830868 -0.1565935 4.5407410 0.0089201 0.7117146 -0.0029441 0.7024059
21.779630 1.6585137 -0.1594492 4.5405087 0.0092347 0.7118373 -0.0019921 0.7022809
21.988560 1.7328572 -0.1621349 4.5411730 0.0071504 0.7121370 -0.0044547 0.7019900
22.196780 1.8070145 -0.1645132 4.5404439 0.0074662 0.7124635 -0.0028437 0.7016637
22.405410 1.8803763 -0.1675316 4.5398417 0.0045420 0.7156031 -0.0051312 0.6984736
22.614140 1.9528515 -0.1697085 4.5368462 0.0090576 0.7198340 -0.0052753 0.6940671
22.822680 2.0259004 -0.1723640 4.5342188 0.0078377 0.7245869 -0.0072491 0.6891007
23.031260 2.1005452 -0.1753376 4.5305066 0.0066391 0.7280405 -0.0079923 0.6854554
23.239660 2.1760097 -0.1775781 4.5261436 0.0048930 0.7303784 -0.0073216 0.6829859
23.552380 2.2937918 -0.1814949 4.5191264 0.0030478 0.7321007 -0.0044832 0.6811748
23.760760 2.3727803 -0.1834082 4.5137153 0.0083267 0.7324452 -0.0045686 0.6807597
24.073430 2.4932711 -0.1880670 4.5053596 0.0114550 0.7330590 -0.0035751 0.6800593
24.386170 2.6154661 -0.1923537 4.4959950 0.0101059 0.7332252 0.0004166 0.6799107
24.594630 2.6956868 -0.1950848 4.4908485 0.0101626 0.7347739 -0.0009169 0.6782353
24.803130 2.7755835 -0.1975436 4.4847980 0.0106882 0.7361920 -0.0004653 0.6766882
25.012020 2.8561282 -0.2000942 4.4780397 0.0102472 0.7373920 -0.0011173 0.6753864
25.324430 2.9773157 -0.2039938 4.4680400 0.0102542 0.7386550 -0.0026166 0.6740006
25.637140 3.1022606 -0.2077324 4.4578652 0.0068268 0.7400686 -0.0019828 0.6724938
25.845770 3.1873317 -0.2101818 4.4500866 0.0077994 0.7414645 -0.0009287 0.6709462
26.158530 3.3138740 -0.2142022 4.4377742 0.0113108 0.7429523 -0.0031823 0.6692412
26.471270 3.4443221 -0.2189467 4.4237266 0.0152081 0.7429572 -0.0020774 0.6691629
26.679760 3.5327632 -0.2220270 4.4152579 0.0140125 0.7427701 -0.0008004 0.6693994
26.888310 3.6226864 -0.2249912 4.4066601 0.0119966 0.7416602 0.0011465 0.6706676
27.096690 3.7123778 -0.2279984 4.3980813 0.0104107 0.7404073 0.0021694 0.6720743
27.305190 3.8015766 -0.2307968 4.3901873 0.0145541 0.7392883 -0.0010656 0.6732309
27.617880 3.9365411 -0.2358877 4.3787618 0.0127868 0.7379416 -0.0018205 0.6747410
27.930640 4.0750804 -0.2407206 4.3677993 0.0119591 0.7374172 -0.0013572 0.6753303
28.139150 4.1662431 -0.2434850 4.3603225 0.0129383 0.7368943 0.0014404 0.6758826
28.451910 4.3011179 -0.2483796 4.3494382 0.0144821 0.7361009 -0.0004634 0.6767167
28.660380 4.3911901 -0.2518326 4.3432121 0.0091099 0.7360313 -0.0018114 0.6768838
28.869010 4.4798722 -0.2550634 4.3370614 0.0087508 0.7369238 -0.0061382 0.6758914
29.077510 4.5676718 -0.2586173 4.3302236 0.0095561 0.7374209 -0.0073360 0.6753260
29.286110 4.6542315 -0.2622427 4.3233204 0.0106992 0.7379363 -0.0062893 0.6747563
29.598790 4.7817163 -0.2680923 4.3129702 0.0116387 0.7388288 -0.0086625 0.6737370
29.807270 4.8653426 -0.2723086 4.3056092 0.0107991 0.7407041 -0.0095100 0.6716772
30.015910 4.9476733 -0.2763156 4.2975082 0.0115505 0.7428099 -0.0116594 0.6693012
30.224420 5.0283551 -0.2802896 4.2893262 0.0115703 0.7450308 -0.0106919 0.6668441
30.432920 5.1083326 -0.2847303 4.2812023 0.0122815 0.7466389 -0.0138490 0.6649719
30.745760 5.2275510 -0.2912604 4.2674999 0.0162241 0.7490759 -0.0155114 0.6621038
31.058390 5.3460517 -0.2985094 4.2534938 0.0126767 0.7517025 -0.0141445 0.6592288
31.266890 5.4236040 -0.3031305 4.2434440 0.0136319 0.7533308 -0.0175763 0.6572655
31.475390 5.5002871 -0.3082554 4.2326326 0.0178176 0.7545694 -0.0194057 0.6556913
31.788620 5.6128979 -0.3156860 4.2167687 0.0179938 0.7578119 -0.0163399 0.6520202
31.997070 5.6877923 -0.3206472 4.2053738 0.0172113 0.7619302 -0.0149730 0.6472572
32.205560 5.7611971 -0.3255767 4.1923842 0.0165434 0.7681648 -0.0161348 0.6398349
32.414310 5.8340640 -0.3300131 4.1777582 0.0175322 0.7761005 -0.0164535 0.6301508
32.622920 5.9060612 -0.3344972 4.1611543 0.0193338 0.7835974 -0.0144063 0.6208010
32.831540 5.9776154 -0.3392102 4.1424141 0.0225100 0.7896402 -0.0105455 0.6130664
33.040040 6.0472326 -0.3436904 4.1230574 0.0242962 0.7940145 -0.0082934 0.6073565
33.248440 6.1162777 -0.3474901 4.1033330 0.0257584 0.7961713 -0.0023518 0.6045181
33.456640 6.1842465 -0.3512867 4.0835605 0.0277221 0.7966836 0.0026596 0.6037546
33.665120 6.2501521 -0.3546884 4.0658154 0.0310184 0.7963623 -0.0001836 0.6040240
33.873500 6.3155460 -0.3582039 4.0476117 0.0315785 0.7955026 0.0020120 0.6051234
34.081820 6.3798075 -0.3620644 4.0301390 0.0316174 0.7944426 0.0040042 0.6065025
34.289910 6.4424744 -0.3653543 4.0138583 0.0335947 0.7924033 0.0031965 0.6090633
34.498170 6.5045056 -0.3687667 3.9985056 0.0336931 0.7890782 0.0052002 0.6133460
34.706380 6.5646310 -0.3723718 3.9836040 0.0330508 0.7861653 0.0065012 0.6170976
34.914790 6.6244702 -0.3752361 3.9693387 0.0335599 0.7836385 0.0093816 0.6202390
35.123490 6.6836548 -0.3779707 3.9558175 0.0327845 0.7813269 0.0106618 0.6231691
35.331690 6.7412481 -0.3810753 3.9436326 0.0336911 0.7786953 0.0082771 0.6264423
35.539930 6.7980018 -0.3839487 3.9322076 0.0353348 0.7748474 0.0068767 0.6311226
35.748270 6.8542829 -0.3869917 3.9220932 0.0331941 0.7685625 0.0066166 0.6388788
35.956520 6.9098935 -0.3898955 3.9136789 0.0329427 0.7601904 0.0077486 0.6488183
36.164640 6.9647336 -0.3930098 3.9072125 0.0322788 0.7488124 0.0075494 0.6619524
36.372770 7.0199041 -0.3959670 3.9040029 0.0308316 0.7343549 0.0060893 0.6780377
36.685150 7.1010966 -0.4005752 3.9044147 0.0266849 0.7129065 -0.0018180 0.7007488
36.893640 7.1550918 -0.4037129 3.9066508 0.0204014 0.7042463 -0.0068209 0.7096298
37.207180 7.2354875 -0.4080338 3.9082572 0.0115564 0.7099499 -0.0097186 0.7040902
37.520670 7.3140044 -0.4121032 3.9047735 0.0112316 0.7232134 -0.0071395 0.6904964
37.729650 7.3658767 -0.4142280 3.9013667 0.0082848 0.7337116 -0.0089202 0.6793520
38.043370 7.4416986 -0.4174401 3.8916252 0.0090716 0.7493753 -0.0058269 0.6620578
38.355860 7.5157351 -0.4204651 3.8796723 0.0073930 0.7626808 -0.0052565 0.6467114
38.668540 7.5885854 -0.4234620 3.8638132 0.0118694 0.7715988 -0.0035569 0.6359888
38.981070 7.6560545 -0.4257416 3.8501694 0.0118328 0.7748262 -0.0019486 0.6320605
39.293670 7.7236538 -0.4285584 3.8363047 0.0129070 0.7763235 -0.0010455 0.6302017
39.606400 7.7928600 -0.4308667 3.8212178 0.0133512 0.7801552 -0.0031650 0.6254355
39.919470 7.8654060 -0.4337988 3.8033795 0.0147460 0.7852951 -0.0014634 0.6189443
40.232310 7.9411716 -0.4362977 3.7846255 0.0160863 0.7907743 -0.0029896 0.6118891
40.545050 8.0188513 -0.4396262 3.7632384 0.0177194 0.7951087 -0.0007861 0.6062075
40.857780 8.0989904 -0.4425108 3.7405803 0.0167858 0.7979950 0.0043269 0.6024147
41.170430 8.1791725 -0.4451461 3.7175870 0.0169105 0.7990201 0.0052919 0.6010432
41.482890 8.2581291 -0.4476346 3.6945808 0.0179990 0.7976021 0.0052309 0.6028927
41.795430 8.3360348 -0.4504175 3.6728442 0.0196459 0.7949114 0.0052116 0.6063849
42.732820 8.5405350 -0.4586552 3.6218479 0.0169321 0.7773691 0.0111105 0.6287187
43.044930 8.5977287 -0.4601065 3.6124594 0.0187164 0.7612414 0.0076028 0.6481538
43.357740 8.6540499 -0.4620363 3.6079829 0.0186475 0.7350098 0.0059586 0.6777738
43.565080 8.6908712 -0.4629744 3.6091547 0.0147835 0.7132164 0.0032880 0.7007803
43.877060 8.7445116 -0.4650312 3.6153395 0.0068012 0.6794443 0.0022038 0.7336923
44.085170 8.7796164 -0.4660571 3.6219244 0.0050670 0.6552797 0.0034570 0.7553614
44.293150 8.8139296 -0.4670869 3.6310797 0.0048800 0.6280179 0.0028807 0.7781783
44.501140 8.8482389 -0.4677964 3.6432765 0.0073160 0.5971055 0.0014496 0.8021281
44.709450 8.8827467 -0.4685525 3.6595993 0.0070802 0.5616549 -0.0025742 0.8273373
45.125340 8.9489021 -0.4713436 3.7035038 0.0123904 0.4803148 -0.0065915 0.8769839
45.333290 8.9831104 -0.4729042 3.7322953 0.0136024 0.4363446 -0.0051058 0.8996623
45.541680 9.0162363 -0.4748961 3.7671659 0.0095673 0.3913558 -0.0088672 0.9201470
45.749840 9.0481272 -0.4766139 3.8073487 0.0095132 0.3467688 -0.0088696 0.9378605
46.167710 9.1126547 -0.4803264 3.9086359 0.0084641 0.2660200 -0.0080406 0.9638968
46.375430 9.1424093 -0.4817354 3.9682267 0.0064002 0.2347242 -0.0082399 0.9720060
46.584500 9.1715412 -0.4835349 4.0336003 0.0029651 0.2108481 -0.0076370 0.9774845
46.793320 9.1999178 -0.4849867 4.1036448 0.0027944 0.1925336 -0.0042066 0.9812774
47.002150 9.2277489 -0.4865732 4.1781154 0.0030242 0.1748827 -0.0005630 0.9845845
47.210900 9.2533092 -0.4881211 4.2574520 0.0035707 0.1578979 -0.0007666 0.9874487
47.419800 9.2778969 -0.4897534 4.3407111 0.0024265 0.1462930 -0.0025230 0.9892351
47.628840 9.3026123 -0.4912540 4.4273219 0.0009535 0.1436293 -0.0052974 0.9896169
47.837650 9.3284903 -0.4931046 4.5156555 0.0012210 0.1433140 -0.0028630 0.9896724
48.046420 9.3555470 -0.4947651 4.6086116 0.0030080 0.1435478 -0.0014340 0.9896378
48.255170 9.3843393 -0.4967617 4.7047110 0.0019632 0.1440702 -0.0011613 0.9895648
48.463660 9.4142752 -0.4983944 4.8037500 0.0002408 0.1449034 0.0002375 0.9894457
48.672200 9.4443569 -0.5002043 4.9037104 0.0008300 0.1452340 0.0010771 0.9893964
48.880720 9.4751854 -0.5022128 5.0034752 -0.0011634 0.1453385 0.0032041 0.9893761
49.505980 9.5657578 -0.5080333 5.3020816 0.0005064 0.1440690 0.0057970 0.9895505
49.818560 9.6095381 -0.5113546 5.4516082 -0.0004962 0.1423111 0.0056337 0.9898058
50.131080 9.6518354 -0.5142385 5.5992017 -0.0003097 0.1400988 0.0051880 0.9901239
50.443670 9.6933451 -0.5169719 5.7450762 -0.0017212 0.1377145 0.0066478 0.9904482
50.756210 9.7333117 -0.5195969 5.8888431 -0.0013485 0.1347949 0.0079166 0.9908410
51.068710 9.7715092 -0.5219404 6.0289154 -0.0038143 0.1315216 0.0086361 0.9912683
51.382890 9.8066959 -0.5229169 6.1623802 -0.0017834 0.1280529 0.0080398 0.9917331
51.693900 9.8378839 -0.5257412 6.2863965 -0.0006336 0.1242086 0.0064852 0.9922347
52.006530 9.8663664 -0.5278553 6.4024711 -0.0048108 0.1179060 0.0069902 0.9929885
52.319330 9.8898363 -0.5299321 6.5068097 -0.0034929 0.1126382 0.0057692 0.9936132
52.632080 9.9105453 -0.5319664 6.5990338 -0.0011468 0.1107176 0.0031530 0.9938462
52.944900 9.9283257 -0.5338520 6.6800675 0.0008615 0.1094087 0.0023204 0.9939938
53.257570 9.9442625 -0.5356243 6.7558322 0.0006450 0.1049193 0.0027061 0.9944769
53.570100 9.9571791 -0.5373181 6.8284941 0.0009492 0.0891710 0.0055326 0.9960005
53.881970 9.9642811 -0.5390263 6.8978581 0.0015638 0.0553708 0.0041952 0.9984558
54.193810 9.9628162 -0.5400622 6.9640236 -0.0012823 0.0055313 0.0027282 0.9999802
54.505550 9.9527369 -0.5415636 7.0280018 -0.0034698 -0.0571033 -0.0034382 0.9983563
54.817300 9.9343224 -0.5418914 7.0862174 -0.0075789 -0.1292005 -0.0089014 0.9915496
55.025330 9.9177847 -0.5423614 7.1224284 -0.0117779 -0.1824741 -0.0092405 0.9830967
55.233280 9.8975124 -0.5425736 7.1565108 -0.0151322 -0.2378301 -0.0118523 0.9711165
55.441330 9.8741608 -0.5422782 7.1885433 -0.0162547 -0.2963136 -0.0147889 0.9548379
55.545500 9.8608904 -0.5418744 7.2035885 -0.0165959 -0.3252385 -0.0153716 0.9453614
55.649410 9.8464661 -0.5413266 7.2172394 -0.0180074 -0.3536197 -0.0144291 0.9351046
55.753570 9.8312559 -0.5404868 7.2299738 -0.0199494 -0.3815055 -0.0132515 0.9240563
55.961860 9.7988997 -0.5394348 7.2517934 -0.0231225 -0.4353127 -0.0127614 0.8998919
56.170220 9.7646112 -0.5380433 7.2689695 -0.0249993 -0.4867841 -0.0140188 0.8730519
56.378550 9.7285614 -0.5367075 7.2810307 -0.0219276 -0.5350064 -0.0177491 0.8443769
56.587120 9.6906462 -0.5351632 7.2907596 -0.0196793 -0.5797222 -0.0179551 0.8143786
56.795690 9.6514845 -0.5339362 7.2965040 -0.0167564 -0.6168985 -0.0191304 0.7866317
57.004560 9.6108551 -0.5324281 7.3011532 -0.0154787 -0.6458422 -0.0182056 0.7630969
57.213710 9.5666647 -0.5302180 7.3055539 -0.0206253 -0.6668020 -0.0140094 0.7448177
57.422830 9.5185757 -0.5282844 7.3069472 -0.0191709 -0.6825546 -0.0186911 0.7303440
57.631790 9.4671040 -0.5267315 7.3074923 -0.0192538 -0.6928649 -0.0200145 0.7205324
57.840730 9.4120941 -0.5244455 7.3078299 -0.0185297 -0.7046663 -0.0137094 0.7091644
58.049450 9.3518019 -0.5218384 7.3058205 -0.0202102 -0.7166653 -0.0113131 0.6970326
58.258220 9.2867575 -0.5196639 7.3001351 -0.0186786 -0.7265142 -0.0168492 0.6866908
58.467090 9.2176418 -0.5165778 7.2932658 -0.0171762 -0.7330660 -0.0186607 0.6796845
58.780440 9.1059990 -0.5118381 7.2826924 -0.0156031 -0.7368085 -0.0213735 0.6755834
59.093910 8.9858723 -0.5065210 7.2705016 -0.0093648 -0.7345389 -0.0263832 0.6779888
59.302920 8.8997927 -0.5029397 7.2642498 -0.0071531 -0.7285312 -0.0290789 0.6843578
59.616490 8.7629557 -0.4973311 7.2580519 -0.0042238 -0.7183733 -0.0316155 0.6949261
59.929310 8.6172638 -0.4914606 7.2553177 -0.0026492 -0.7071173 -0.0338791 0.7062792
60.242110 8.4651670 -0.4850308 7.2582803 -0.0035659 -0.6969557 -0.0365000 0.7161759
60.554790 8.3100519 -0.4790975 7.2647266 -0.0042442 -0.6889020 -0.0368142 0.7239066
60.867330 8.1562796 -0.4736275 7.2733216 -0.0052246 -0.6861398 -0.0351559 0.7266009
61.179820 8.0003662 -0.4677536 7.2814555 -0.0039862 -0.6848579 -0.0352929 0.7278106
61.492290 7.8449035 -0.4619758 7.2898760 -0.0035315 -0.6841993 -0.0358682 0.7284040
61.805110 7.6892886 -0.4568409 7.2983871 -0.0026959 -0.6848131 -0.0354822 0.7278494
62.117440 7.5325952 -0.4513524 7.3056722 -0.0030433 -0.6855219 -0.0377474 0.7270664
62.325700 7.4297662 -0.4475924 7.3111491 -0.0033702 -0.6858249 -0.0388416 0.7267215
62.638450 7.2752447 -0.4413029 7.3192434 -0.0023303 -0.6854945 -0.0390609 0.7270256
62.849550 7.1738930 -0.4377257 7.3249121 -0.0026850 -0.6842696 -0.0397062 0.7281424
63.159760 7.0230455 -0.4322567 7.3338223 -0.0019649 -0.6829880 -0.0388311 0.7293940
63.368170 6.9224782 -0.4285617 7.3401723 -0.0014225 -0.6825458 -0.0390972 0.7297949
63.576570 6.8230329 -0.4247153 7.3465323 -0.0017396 -0.6820686 -0.0389800 0.7302465
63.785050 6.7235656 -0.4211104 7.3530865 -0.0024082 -0.6815897 -0.0395449 0.7306612
63.993600 6.6248469 -0.4172117 7.3594513 -0.0019536 -0.6813611 -0.0382403 0.7309452
64.202080 6.5265245 -0.4139386 7.3661656 -0.0008924 -0.6811315 -0.0369673 0.7312267
64.619620 6.3281646 -0.4071462 7.3803477 -0.0014576 -0.6798947 -0.0373755 0.7323552
64.827560 6.2283602 -0.4031965 7.3880668 -0.0035203 -0.6791545 -0.0363251 0.7330874
65.035920 6.1269717 -0.3994525 7.3952279 -0.0043220 -0.6783272 -0.0371198 0.7338090
65.244430 6.0261493 -0.3957841 7.4029531 -0.0025751 -0.6780791 -0.0339191 0.7342014
65.453010 5.9257603 -0.3920469 7.4097281 -0.0015202 -0.6781440 -0.0346363 0.7341108
65.765550 5.7726455 -0.3866855 7.4209380 -0.0036739 -0.6816678 -0.0334699 0.7308866
65.973960 5.6696572 -0.3829027 7.4266815 -0.0036447 -0.6850944 -0.0337504 0.7276629
66.182330 5.5651870 -0.3791958 7.4311876 -0.0040017 -0.6888238 -0.0352712 0.7240592
66.390840 5.4607086 -0.3756471 7.4340897 -0.0026628 -0.6914734 -0.0351055 0.7215436
66.599380 5.3565178 -0.3721044 7.4378228 0.0001403 -0.6925209 -0.0334532 0.7206217
66.911930 5.1994476 -0.3679698 7.4431067 -0.0038179 -0.6935388 -0.0315039 0.7197199
67.120480 5.0930362 -0.3647411 7.4461708 -0.0071189 -0.6940955 -0.0331430 0.7190844
67.328970 4.9879689 -0.3608105 7.4484439 -0.0072151 -0.6942889 -0.0348404 0.7188164
67.537490 4.8838339 -0.3566404 7.4515529 -0.0071090 -0.6947824 -0.0351931 0.7183232
67.745940 4.7798028 -0.3526248 7.4538770 -0.0055182 -0.6950458 -0.0349093 0.7180963
67.954300 4.6766267 -0.3490124 7.4561915 -0.0040717 -0.6953352 -0.0353034 0.7178064
68.266970 4.5213456 -0.3435730 7.4598212 -0.0041984 -0.6954402 -0.0347885 0.7177292
68.475450 4.4183946 -0.3399413 7.4628406 -0.0040015 -0.6953110 -0.0346149 0.7178639
68.787950 4.2630510 -0.3344183 7.4664798 -0.0041109 -0.6952429 -0.0356567 0.7178781
68.996320 4.1597281 -0.3307168 7.4692574 -0.0030005 -0.6951912 -0.0355852 0.7179372
69.308840 4.0047317 -0.3246461 7.4737315 -0.0046328 -0.6952056 -0.0372683 0.7178293
69.517240 3.9018130 -0.3209794 7.4762392 -0.0039285 -0.6955544 -0.0372283 0.7174975
69.829670 3.7481065 -0.3147427 7.4794226 -0.0025196 -0.6960298 -0.0396978 0.7169102
70.142350 3.5956967 -0.3093091 7.4824371 0.0041854 -0.6951964 -0.0392639 0.7177345
70.454920 3.4433091 -0.3040764 7.4872828 0.0014790 -0.6928341 -0.0409393 0.7199324
70.871920 3.2398560 -0.2966356 7.4956594 -0.0001217 -0.6896113 -0.0423717 0.7229391
71.082350 3.1386058 -0.2924124 7.4998312 0.0013199 -0.6882862 -0.0415208 0.7242489
71.496920 2.9347131 -0.2853535 7.5097113 0.0024431 -0.6872355 -0.0392290 0.7253705
71.705330 2.8323450 -0.2821940 7.5147223 -0.0002114 -0.6872306 -0.0381289 0.7254380
72.226050 2.5762651 -0.2729488 7.5270753 -0.0048056 -0.6883214 -0.0403756 0.7242655
72.434620 2.4747334 -0.2688355 7.5322189 -0.0013384 -0.6880965 -0.0352624 0.7247607
72.642980 2.3722289 -0.2652832 7.5371275 -0.0020609 -0.6877571 -0.0343166 0.7251264
72.955480 2.2180908 -0.2597239 7.5442433 -0.0048648 -0.6886604 -0.0356012 0.7241931
73.267990 2.0650687 -0.2541467 7.5513444 -0.0069616 -0.6914291 -0.0352910 0.7215482
73.580420 1.9123054 -0.2478798 7.5566635 -0.0074986 -0.6948393 -0.0332419 0.7183572
73.788870 1.8097378 -0.2439175 7.5589285 -0.0068615 -0.6963745 -0.0333415 0.7168708
73.997240 1.7063988 -0.2398338 7.5608697 -0.0070017 -0.6978331 -0.0342380 0.7154074
74.309810 1.5545143 -0.2335955 7.5633292 -0.0063135 -0.6986410 -0.0355329 0.7145616
74.518190 1.4525323 -0.2296545 7.5650764 -0.0058752 -0.6990112 -0.0349154 0.7142336
74.726710 1.3506233 -0.2258110 7.5669847 -0.0067897 -0.6998132 -0.0348363 0.7134436
75.039180 1.1979764 -0.2201312 7.5687203 -0.0078799 -0.7012944 -0.0341961 0.7120075
75.247560 1.0975370 -0.2159713 7.5691185 -0.0077052 -0.7023499 -0.0340361 0.7109759
75.456060 0.9983525 -0.2126436 7.5697551 -0.0071208 -0.7039472 -0.0315928 0.7095135
75.664210 0.8997686 -0.2093206 7.5696850 -0.0055617 -0.7058666 -0.0281584 0.7077631
76.080700 0.7047006 -0.2027893 7.5680265 -0.0094902 -0.7083601 -0.0301219 0.7051444
76.289060 0.6087754 -0.1995795 7.5665226 -0.0086024 -0.7082685 -0.0305212 0.7052306
76.497460 0.5130876 -0.1961052 7.5653191 -0.0091260 -0.7081026 -0.0331667 0.7052712
76.706270 0.4193144 -0.1923448 7.5640554 -0.0087109 -0.7080286 -0.0334954 0.7053352
77.122590 0.2376546 -0.1852318 7.5610518 -0.0081571 -0.7098195 -0.0350234 0.7034651
77.330800 0.1494089 -0.1819469 7.5590787 -0.0078450 -0.7111070 -0.0356804 0.7021340
77.539210 0.0630863 -0.1784706 7.5563993 -0.0072387 -0.7126551 -0.0354395 0.7005815
77.747630 -0.0213553 -0.1756511 7.5537300 -0.0071095 -0.7138293 -0.0356979 0.6993732
77.955810 -0.1044149 -0.1722000 7.5512676 -0.0071193 -0.7148431 -0.0357533 0.6983340
78.164320 -0.1845627 -0.1690099 7.5483732 -0.0067678 -0.7154495 -0.0373477 0.6976327
78.372790 -0.2608813 -0.1659195 7.5462575 -0.0056936 -0.7149224 -0.0380435 0.6981449
78.581420 -0.3349011 -0.1632929 7.5443501 -0.0044904 -0.7129400 -0.0376955 0.7001967
79.207090 -0.5328794 -0.1568867 7.5425496 -0.0044791 -0.7079504 -0.0355251 0.7053539
79.311290 -0.5667852 -0.1558842 7.5428338 -0.0055024 -0.7073708 -0.0354140 0.7059335
79.936810 -0.7558976 -0.1498787 7.5429010 -0.0074716 -0.7048764 -0.0353287 0.7084104
80.145310 -0.8166652 -0.1476655 7.5425601 -0.0091842 -0.7032339 -0.0356375 0.7100054
83.588800 -1.4489989 -0.1239677 7.6724100 -0.0072206 -0.4705084 -0.0152788 0.8822337
84.215120 -1.5169324 -0.1227541 7.7407622 -0.0043087 -0.3523449 -0.0108535 0.9357974
84.423690 -1.5342504 -0.1230961 7.7691450 -0.0040059 -0.3106539 -0.0099808 0.9504623
84.632280 -1.5508745 -0.1239303 7.8008933 -0.0007086 -0.2693974 -0.0105100 0.9629715
84.840760 -1.5652068 -0.1243566 7.8372579 0.0022010 -0.2292995 -0.0127689 0.9732697
86.505090 -1.6608353 -0.1305770 8.3053541 0.0073099 -0.0286928 -0.0034622 0.9995555
87.336860 -1.6981734 -0.1367992 8.6137562 0.0078606 -0.0367792 -0.0026724 0.9992889
87.648940 -1.7152851 -0.1388231 8.7345352 0.0042621 -0.0375715 -0.0040720 0.9992766
87.857180 -1.7309719 -0.1407854 8.8158865 0.0060560 -0.0366143 -0.0066983 0.9992887
88.169700 -1.7588558 -0.1396551 8.9394903 0.0051509 -0.0349746 -0.0061738 0.9993559
88.482060 -1.7923162 -0.1390962 9.0655327 0.0047877 -0.0328059 -0.0058435 0.9994332
88.690450 -1.8184613 -0.1399201 9.1469669 0.0031814 -0.0296926 -0.0067081 0.9995315
89.003140 -1.8500301 -0.1354670 9.2810173 0.0050076 -0.0296055 -0.0051808 0.9995357
89.211590 -1.8608217 -0.1399261 9.3619699 0.0046464 -0.0323112 -0.0045284 0.9994568
89.836930 -1.8939900 -0.1487867 9.5948973 0.0024536 -0.0293950 -0.0041724 0.9995562
90.149600 -1.8982435 -0.1512356 9.7060900 0.0051617 -0.0319563 -0.0061286 0.9994572
90.462220 -1.8887564 -0.1553634 9.8081360 0.0018683 -0.0406053 -0.0057362 0.9991571
91.400350 -1.9058391 -0.1628694 10.0550652 0.0034292 -0.0458027 -0.0070437 0.9989198
91.609100 -1.9082801 -0.1647578 10.1017084 0.0039396 -0.0355151 -0.0079190 0.9993300
92.444850 -1.8812217 -0.1726419 10.2870522 0.0114023 0.0587468 -0.0073140 0.9981810
92.968320 -1.8428493 -0.1768003 10.3912067 0.0103376 0.1551727 0.0083023 0.9877984
93.385200 -1.8037620 -0.1802384 10.4592066 0.0173134 0.2420746 0.0043878 0.9700933
93.594110 -1.7781183 -0.1821482 10.4897633 0.0215575 0.2863656 0.0090521 0.9578351
93.802820 -1.7498642 -0.1834352 10.5191345 0.0232069 0.3322281 0.0040563 0.9429048
94.011550 -1.7193919 -0.1866169 10.5486584 0.0168668 0.3780284 -0.0066016 0.9256168
94.220100 -1.6837538 -0.1885699 10.5719032 0.0217629 0.4236442 -0.0013043 0.9055663
94.428710 -1.6440876 -0.1904049 10.5945034 0.0243753 0.4703298 -0.0030740 0.8821487
94.639870 -1.5993065 -0.1933281 10.6180048 0.0178167 0.5157433 -0.0107135 0.8564909
95.262120 -1.4364555 -0.2014549 10.6641245 0.0205699 0.6142792 -0.0075789 0.7887841
95.469850 -1.3732499 -0.2045104 10.6758318 0.0163136 0.6351776 -0.0059339 0.7721710
95.677890 -1.3060980 -0.2076198 10.6850224 0.0151303 0.6539981 -0.0077536 0.7563052
95.885910 -1.2343630 -0.2107892 10.6912708 0.0195826 0.6693038 -0.0053763 0.7427112
96.093730 -1.1581424 -0.2135292 10.6968794 0.0167517 0.6818213 -0.0033914 0.7313191
96.301480 -1.0772986 -0.2170978 10.7003651 0.0154630 0.6906162 -0.0018612 0.7230537
96.509210 -0.9950587 -0.2196598 10.7026997 0.0204548 0.6946447 0.0005855 0.7190619
96.717080 -0.9088122 -0.2227908 10.7064600 0.0181574 0.6968072 0.0015941 0.7170268
96.924880 -0.8191249 -0.2260768 10.7096138 0.0173902 0.6976386 0.0011047 0.7162378
97.132730 -0.7271125 -0.2290684 10.7121525 0.0174082 0.6983715 0.0041085 0.7155119
97.340580 -0.6351922 -0.2326217 10.7154284 0.0166058 0.6966396 0.0059966 0.7172040
97.548460 -0.5429453 -0.2358300 10.7194700 0.0184980 0.6940953 0.0057428 0.7196226
97.756480 -0.4503211 -0.2393337 10.7239761 0.0175825 0.6916851 0.0064611 0.7219563
97.964520 -0.3578482 -0.2427203 10.7288351 0.0187060 0.6893072 0.0054206 0.7242073
98.173950 -0.2643568 -0.2456983 10.7351551 0.0179889 0.6877477 0.0038133 0.7257169
98.380720 -0.1704254 -0.2492803 10.7420168 0.0137909 0.6865177 0.0027504 0.7269771
98.588990 -0.0771626 -0.2523721 10.7489748 0.0135464 0.6855717 -0.0001541 0.7278791
98.901370 0.0638295 -0.2579713 10.7590790 0.0120759 0.6852922 -0.0006809 0.7281678
99.213720 0.2050093 -0.2632527 10.7689695 0.0121319 0.6857774 0.0004283 0.7277101
99.526340 0.3454210 -0.2682569 10.7791252 0.0094635 0.6871800 -0.0014865 0.7264240
99.838860 0.4840338 -0.2734396 10.7876167 0.0066728 0.6897166 -0.0024069 0.7240446
100.151300 0.6211935 -0.2775093 10.7956381 0.0024208 0.6915529 -0.0010062 0.7223210
100.463900 0.7571448 -0.2816238 10.8025055 0.0072546 0.6917756 -0.0032948 0.7220685
100.776300 0.8905826 -0.2862375 10.8093576 0.0070548 0.6923921 -0.0038869 0.7214765
101.089600 1.0234284 -0.2913072 10.8167238 0.0037776 0.6942297 -0.0025313 0.7197392
101.401500 1.1526055 -0.2952590 10.8217859 0.0049516 0.6949951 -0.0035261 0.7189888
101.714000 1.2814590 -0.2992631 10.8277378 0.0035452 0.6944627 -0.0027138 0.7195148
102.026500 1.4078008 -0.3030389 10.8342257 0.0020432 0.6939410 -0.0024352 0.7200249
102.339000 1.5327337 -0.3066015 10.8403387 0.0028295 0.6943979 -0.0049315 0.7195687
102.651500 1.6563135 -0.3110206 10.8459177 0.0046135 0.6947409 -0.0066158 0.7192149
102.964100 1.7782421 -0.3155231 10.8508396 0.0131324 0.6936644 -0.0079434 0.7201348
103.276500 1.8992889 -0.3207898 10.8574905 0.0074127 0.6915802 -0.0042620 0.7222491
103.589200 2.0184698 -0.3254170 10.8655243 0.0030959 0.6910074 -0.0075833 0.7228013
103.901800 2.1349227 -0.3293664 10.8719130 0.0024997 0.6922888 -0.0097523 0.7215503
104.214400 2.2491472 -0.3336405 10.8771944 0.0024384 0.6937497 -0.0077289 0.7201706
104.526700 2.3608208 -0.3376792 10.8830261 0.0014796 0.6933647 -0.0084211 0.7205361
104.839200 2.4696052 -0.3417105 10.8885126 0.0033717 0.6926328 -0.0113126 0.7211937
105.151800 2.5767362 -0.3456432 10.8943033 0.0016578 0.6923967 -0.0112947 0.7214267
105.568600 2.7180254 -0.3512696 10.9012995 0.0018521 0.6947888 -0.0092965 0.7191513
105.881400 2.8212609 -0.3547593 10.9047232 0.0027261 0.6976844 -0.0088163 0.7163458
106.194200 2.9276638 -0.3583882 10.9073877 0.0045937 0.7043047 -0.0126967 0.7097694
106.507000 3.0383193 -0.3622685 10.9068108 0.0050482 0.7101439 -0.0117008 0.7039412
106.924000 3.1928167 -0.3682038 10.9041729 0.0027972 0.7182231 -0.0101247 0.6957336
107.236600 3.3128297 -0.3727586 10.8988323 0.0069547 0.7238697 -0.0104924 0.6898218
107.549200 3.4396105 -0.3771452 10.8913279 0.0080761 0.7282567 -0.0070162 0.6852210
107.861600 3.5723429 -0.3814063 10.8831730 0.0079332 0.7304546 -0.0016768 0.6829131
108.174000 3.7115533 -0.3853593 10.8752165 0.0117568 0.7304170 -0.0012098 0.6828992
108.590400 3.9078207 -0.3915197 10.8633738 0.0166974 0.7268230 0.0046248 0.6866063
108.798500 4.0095091 -0.3941110 10.8581133 0.0172211 0.7233649 0.0069940 0.6902156
109.110700 4.1658888 -0.3989889 10.8545151 0.0183506 0.7183754 0.0061622 0.6953862
109.423000 4.3263063 -0.4040682 10.8526173 0.0183346 0.7138859 0.0044739 0.7000076
109.631400 4.4332080 -0.4082855 10.8518448 0.0218492 0.7127386 0.0006204 0.7010891
109.839600 4.5417957 -0.4129578 10.8506975 0.0194314 0.7118164 0.0049502 0.7020793
110.047800 4.6495337 -0.4166701 10.8501358 0.0182113 0.7109808 0.0089053 0.7029192
110.256100 4.7576981 -0.4203205 10.8499689 0.0175013 0.7105739 0.0088658 0.7033490
110.465500 4.8651118 -0.4238366 10.8503056 0.0196899 0.7099313 0.0063860 0.7039667
110.672600 4.9720330 -0.4277706 10.8503218 0.0188418 0.7091240 0.0072946 0.7047942
110.881000 5.0790153 -0.4321160 10.8518763 0.0197220 0.7080364 0.0045579 0.7058857
111.089200 5.1856937 -0.4357284 10.8530483 0.0189106 0.7062420 0.0053838 0.7076974
111.297500 5.2906389 -0.4399240 10.8550310 0.0161333 0.7043733 0.0069994 0.7096119
111.505700 5.3949180 -0.4436997 10.8574333 0.0155898 0.7027977 0.0055114 0.7111976
111.714100 5.4992285 -0.4471189 10.8610725 0.0108488 0.7017885 0.0035325 0.7122940
111.922300 5.6025605 -0.4507873 10.8646431 0.0091040 0.7017337 0.0007117 0.7123808
112.130600 5.7041154 -0.4543591 10.8668022 0.0110856 0.7018851 -0.0025874 0.7121992
112.338800 5.8059292 -0.4585290 10.8689232 0.0137264 0.7019246 -0.0029078 0.7121130
112.547100 5.9069819 -0.4627098 10.8713446 0.0096131 0.7027737 -0.0011550 0.7113475
112.755500 6.0069375 -0.4660130 10.8733711 0.0078338 0.7041794 -0.0022955 0.7099752
112.964100 6.1056275 -0.4695223 10.8751564 0.0065310 0.7068124 -0.0030494 0.7073643
113.172100 6.2037306 -0.4724326 10.8757286 0.0056186 0.7098443 -0.0034895 0.7043276
113.380300 6.3007498 -0.4758376 10.8756714 0.0056631 0.7127149 -0.0058582 0.7014065
113.588800 6.3978539 -0.4791781 10.8740540 0.0069108 0.7164403 -0.0051564 0.6975951
113.797100 6.4950838 -0.4825364 10.8718243 0.0061790 0.7220585 -0.0046470 0.6917887
114.005500 6.5912957 -0.4853371 10.8673277 0.0046487 0.7283746 -0.0021230 0.6851601
114.213900 6.6884208 -0.4882014 10.8606310 0.0039882 0.7346157 -0.0022561 0.6784679
114.423500 6.7855344 -0.4906311 10.8523693 0.0049009 0.7408772 -0.0009385 0.6716220
114.735000 6.9295402 -0.4946136 10.8367205 0.0075367 0.7513899 -0.0001571 0.6598155
115.047500 7.0747876 -0.4986055 10.8145742 0.0125897 0.7610151 0.0030274 0.6486050
115.255800 7.1717453 -0.5013030 10.7984934 0.0156782 0.7645408 0.0075199 0.6443408
115.463800 7.2677584 -0.5040346 10.7812328 0.0201807 0.7653047 0.0089051 0.6432901
115.672000 7.3642249 -0.5070351 10.7650442 0.0247593 0.7633418 0.0105759 0.6454335
115.879800 7.4615870 -0.5100888 10.7500715 0.0260622 0.7591726 0.0165210 0.6501575
116.191900 7.6050940 -0.5140506 10.7303839 0.0279721 0.7536118 0.0202924 0.6564108
116.400000 7.6995654 -0.5171056 10.7193899 0.0320508 0.7499092 0.0175968 0.6605296
116.712100 7.8417368 -0.5216678 10.7051964 0.0283692 0.7434255 0.0184312 0.6679626
116.920200 7.9372315 -0.5245700 10.6970253 0.0284723 0.7394336 0.0187382 0.6723661
117.232900 8.0753860 -0.5295232 10.6862268 0.0305940 0.7373803 0.0161328 0.6745918
117.441200 8.1632614 -0.5326088 10.6784620 0.0281616 0.7368019 0.0208572 0.6751999
117.649600 8.2473679 -0.5349748 10.6717806 0.0261127 0.7364867 0.0231204 0.6755524
117.858100 8.3297501 -0.5372530 10.6656227 0.0302793 0.7362067 0.0201105 0.6757799
118.066500 8.4109335 -0.5401474 10.6596794 0.0300646 0.7363969 0.0173578 0.6756585
118.275000 8.4923439 -0.5426195 10.6530142 0.0295735 0.7369852 0.0191992 0.6749886
118.483500 8.5707350 -0.5447938 10.6465302 0.0272728 0.7381930 0.0236771 0.6736221
118.692000 8.6488419 -0.5470612 10.6391211 0.0287676 0.7390873 0.0254320 0.6725144
118.900700 8.7252102 -0.5489429 10.6323004 0.0339983 0.7388601 0.0213062 0.6726633
119.109400 8.8022757 -0.5513703 10.6256943 0.0342806 0.7370599 0.0222501 0.6745906
119.317100 8.8777447 -0.5540012 10.6199675 0.0309616 0.7338886 0.0240984 0.6781358
119.525400 8.9496326 -0.5563079 10.6152906 0.0299833 0.7311810 0.0232124 0.6811289
119.733800 9.0172806 -0.5593669 10.6110611 0.0315681 0.7286546 0.0221709 0.6837941
119.942000 9.0924416 -0.5610266 10.6075382 0.0302305 0.7269310 0.0244617 0.6856086
120.150300 9.1631021 -0.5636775 10.6033192 0.0282974 0.7255731 0.0257404 0.6870810
120.358800 9.2315092 -0.5654825 10.6008015 0.0297727 0.7255053 0.0213096 0.6872420
120.879900 9.3952131 -0.5717598 10.5939064 0.0218547 0.7261055 0.0213036 0.6869057
121.088200 9.4507294 -0.5741508 10.5914516 0.0212215 0.7262430 0.0189693 0.6868486
121.296800 9.5028028 -0.5756298 10.5888739 0.0241083 0.7258244 0.0173118 0.6872395
121.609400 9.5733023 -0.5781052 10.5866499 0.0227553 0.7252991 0.0150033 0.6878941
123.278000 9.8610983 -0.5887702 10.5640736 0.0280380 0.7479641 0.0152000 0.6629725
123.486500 9.8896399 -0.5895644 10.5604134 0.0282128 0.7516788 0.0154877 0.6587437
123.695100 9.9177256 -0.5905768 10.5568161 0.0272842 0.7560394 0.0144242 0.6537980
125.155700 10.1265869 -0.5984374 10.4996014 0.0239924 0.8287618 0.0037583 0.5590743
125.364500 10.1619205 -0.5991494 10.4829674 0.0218974 0.8447924 0.0024542 0.5346403
125.573000 10.1980743 -0.5998979 10.4623861 0.0215683 0.8615808 0.0040158 0.5071462
126.303100 10.3264322 -0.6028703 10.3601532 0.0173123 0.9191426 0.0081005 0.3934610
126.511700 10.3597403 -0.6029556 10.3211393 0.0163786 0.9333825 0.0079032 0.3584222
126.616000 10.3754787 -0.6029998 10.3006926 0.0165815 0.9400217 0.0080315 0.3406167
127.241400 10.4664640 -0.6045393 10.1511164 0.0151854 0.9713689 0.0093137 0.2369073
127.449800 10.4921932 -0.6039580 10.0905237 0.0167587 0.9795337 0.0145529 0.2000529
127.971300 10.5382948 -0.6022933 9.9243374 0.0195617 0.9944335 0.0176214 0.1020237
128.179700 10.5477524 -0.6012349 9.8528290 0.0206820 0.9977499 0.0142309 0.0621689
128.387800 10.5517282 -0.6003144 9.7788763 0.0233121 0.9992827 0.0096566 0.0282381
128.596100 10.5519514 -0.5998216 9.7024517 0.0253392 0.9996160 0.0110985 -0.0015832
128.700300 10.5505905 -0.5996532 9.6630087 0.0252956 0.9994949 0.0124259 -0.0146858
128.908300 10.5449343 -0.5985827 9.5831099 0.0246842 0.9989034 0.0139063 -0.0372740
129.324500 10.5252705 -0.5940049 9.4200563 0.0215147 0.9965506 0.0215400 -0.0772014
129.428500 10.5180798 -0.5928299 9.3782473 0.0199078 0.9957193 0.0239151 -0.0870343
129.532700 10.5102053 -0.5912872 9.3364134 0.0175737 0.9948646 0.0252070 -0.0964369
129.948900 10.4710474 -0.5859887 9.1647816 0.0144288 0.9919462 0.0154971 -0.1248774
130.156900 10.4473867 -0.5840289 9.0755901 0.0177486 0.9907628 0.0179081 -0.1332414
130.365000 10.4218168 -0.5816876 8.9869690 0.0219117 0.9899277 0.0169175 -0.1388408
130.573100 10.3961773 -0.5796279 8.8965769 0.0222020 0.9893925 0.0160193 -0.1426641
130.784300 10.3695211 -0.5775135 8.8061962 0.0240445 0.9891357 0.0153431 -0.1442114
130.989400 10.3434715 -0.5756749 8.7157335 0.0259415 0.9892918 0.0157018 -0.1427664
131.197300 10.3176451 -0.5736676 8.6254435 0.0291969 0.9898010 0.0160293 -0.1385083
131.405400 10.2937317 -0.5712472 8.5364866 0.0302268 0.9906005 0.0170212 -0.1323148
131.613500 10.2711496 -0.5688719 8.4424086 0.0306406 0.9914061 0.0169496 -0.1260468
131.821600 10.2494192 -0.5666808 8.3539696 0.0314947 0.9921779 0.0168102 -0.1196182
132.029800 10.2295437 -0.5651010 8.2659092 0.0307674 0.9928590 0.0178079 -0.1138737
132.238000 10.2108459 -0.5634919 8.1802187 0.0304455 0.9933354 0.0191728 -0.1095001
132.448000 10.1938705 -0.5617087 8.0987406 0.0292644 0.9935369 0.0192204 -0.1079744
132.654900 10.1774778 -0.5601851 8.0212421 0.0286548 0.9935783 0.0187985 -0.1078321
132.967600 10.1543655 -0.5583698 7.9132299 0.0280236 0.9933248 0.0191594 -0.1102426
133.280500 10.1314936 -0.5564278 7.8123436 0.0277729 0.9925931 0.0190760 -0.1167207
133.593500 10.1070118 -0.5539789 7.7171183 0.0264427 0.9910582 0.0183732 -0.1294866
133.906600 10.0790167 -0.5520025 7.6280670 0.0261175 0.9874360 0.0188423 -0.1547029
134.220100 10.0463028 -0.5498028 7.5460253 0.0250388 0.9804028 0.0182906 -0.1945480
134.533600 10.0058193 -0.5480152 7.4728451 0.0225648 0.9670180 0.0162039 -0.2531886
134.847300 9.9560547 -0.5459449 7.4090891 0.0235177 0.9467824 0.0131953 -0.3207426
135.056400 9.9186449 -0.5449187 7.3718014 0.0221180 0.9287898 0.0153623 -0.3696273
135.265300 9.8777494 -0.5437469 7.3383265 0.0194049 0.9078217 0.0176225 -0.4185364
135.473900 9.8330832 -0.5419967 7.3104491 0.0198041 0.8845376 0.0184937 -0.4656813
135.682600 9.7844858 -0.5399365 7.2854037 -0.0163709 -0.8586369 -0.0215057 0.5118713
135.891300 9.7335339 -0.5380530 7.2659864 -0.0151027 -0.8311423 -0.0237120 0.5553486
136.099700 9.6805916 -0.5360762 7.2519121 -0.0140419 -0.8033279 -0.0236898 0.5949000
137.555600 9.2121773 -0.5148280 7.2244554 -0.0071365 -0.6983436 -0.0311279 0.7150499
138.075500 9.0060987 -0.5062938 7.2320137 -0.0066671 -0.6931249 -0.0298530 0.7201682
138.595900 8.7809505 -0.4973701 7.2383699 -0.0036499 -0.6919933 -0.0328905 0.7211450
139.116700 8.5370941 -0.4880796 7.2479997 -0.0032000 -0.6887328 -0.0348235 0.7241714
139.637700 8.2746859 -0.4779873 7.2634139 -0.0030664 -0.6832919 -0.0347631 0.7293109
140.158400 8.0024910 -0.4677577 7.2797136 -0.0038882 -0.6832843 -0.0343007 0.7293360
140.783300 7.6720963 -0.4560893 7.2978354 -0.0022185 -0.6843705 -0.0356045 0.7282613
141.408100 7.3435473 -0.4439502 7.3161221 -0.0031772 -0.6829704 -0.0388379 0.7294059
142.137200 6.9718571 -0.4304436 7.3393626 -0.0018267 -0.6824227 -0.0384066 0.7299458
142.762400 6.6568475 -0.4186975 7.3592043 -0.0017777 -0.6823791 -0.0391105 0.7299493
143.492000 6.2910376 -0.4057588 7.3860202 -0.0016566 -0.6774549 -0.0374591 0.7346080
144.117400 5.9743276 -0.3939773 7.4105592 -0.0026665 -0.6780786 -0.0330216 0.7342424
144.742200 5.6518998 -0.3826239 7.4295540 -0.0038044 -0.6873662 -0.0331483 0.7255443
145.367300 5.3196044 -0.3709650 7.4398189 -0.0002424 -0.6946033 -0.0320920 0.7186768
145.888300 5.0367875 -0.3625370 7.4473486 -0.0066450 -0.6956555 -0.0329304 0.7175897
146.409300 4.7522430 -0.3518771 7.4531326 -0.0044573 -0.6958949 -0.0351546 0.7172689
147.034200 4.4118085 -0.3396339 7.4621267 -0.0038120 -0.6949518 -0.0346952 0.7182087
147.555000 4.1281066 -0.3293485 7.4698663 -0.0030652 -0.6951292 -0.0354716 0.7180026
148.075800 3.8452642 -0.3184032 7.4770036 -0.0032546 -0.6957520 -0.0375634 0.7172918
148.700900 3.5088253 -0.3065061 7.4866056 0.0043602 -0.6898827 -0.0403555 0.7227823
149.326100 3.1703432 -0.2938972 7.5052247 -0.0001722 -0.6829961 -0.0407523 0.7292843
149.846600 2.8860981 -0.2843926 7.5239687 -0.0014481 -0.6815136 -0.0354593 0.7309445
150.367100 2.5985305 -0.2743956 7.5427694 -0.0092396 -0.6840234 -0.0350452 0.7285592
150.887800 2.3084612 -0.2640972 7.5567880 -0.0079107 -0.6902762 -0.0297893 0.7228892
151.408300 2.0137434 -0.2523765 7.5667806 -0.0092255 -0.6946747 -0.0318033 0.7185614
151.928800 1.7162645 -0.2407848 7.5744553 -0.0095653 -0.6988734 -0.0306600 0.7145239
152.449400 1.4208214 -0.2288607 7.5767055 -0.0094197 -0.7030127 -0.0323505 0.7103786
152.970000 1.1274658 -0.2175356 7.5771255 -0.0094266 -0.7055586 -0.0322877 0.7078529
153.386700 0.8970370 -0.2094592 7.5754681 -0.0067444 -0.7071869 -0.0275727 0.7064566
153.803500 0.6707097 -0.2020174 7.5738626 -0.0115702 -0.7091698 -0.0286161 0.7043617
154.219700 0.4520341 -0.1938315 7.5691037 -0.0108196 -0.7105168 -0.0331915 0.7028137
154.636800 0.2466229 -0.1855856 7.5641351 -0.0092274 -0.7123398 -0.0348740 0.7009071
155.052800 0.0543154 -0.1779911 7.5577760 -0.0084767 -0.7147102 -0.0362216 0.6984307
155.469500 -0.1242380 -0.1713877 7.5510721 -0.0076984 -0.7166712 -0.0369105 0.6963912
155.886400 -0.2882612 -0.1649146 7.5457487 -0.0043132 -0.7139130 -0.0387594 0.6991475
156.720900 -0.5736262 -0.1559793 7.5518422 -0.0053621 -0.6865898 -0.0357919 0.7261437
157.554600 -0.8317005 -0.1480725 7.5789762 -0.0175346 -0.6671893 -0.0267490 0.7442012
160.680800 -1.3338821 -0.1292588 7.6020026 -0.0190053 -0.7000077 -0.0146058 0.7137329
160.993400 -1.3611169 -0.1281537 7.6012483 -0.0197303 -0.7020676 -0.0145575 0.7116881
161.306000 -1.3891600 -0.1271482 7.5989060 -0.0149498 -0.7045491 -0.0165876 0.7093039
162.139700 -1.5027901 -0.1242328 7.5971632 -0.0069877 -0.7143633 -0.0141890 0.6995962
162.452400 -1.5619354 -0.1228213 7.5947976 -0.0041264 -0.7134796 -0.0171118 0.7004548
162.660800 -1.6069317 -0.1214224 7.5939689 -0.0068873 -0.7127448 -0.0206225 0.7010864
162.869300 -1.6558452 -0.1195832 7.5928454 -0.0098786 -0.7118617 -0.0247652 0.7018134
163.077900 -1.7076603 -0.1177828 7.5927911 -0.0178817 -0.7111698 -0.0205449 0.7024924
163.286300 -1.7627856 -0.1153176 7.5920262 -0.0181413 -0.7118221 -0.0181030 0.7018921
163.494700 -1.8210131 -0.1128057 7.5903592 -0.0186569 -0.7129989 -0.0172137 0.7007055
163.703000 -1.8833182 -0.1099910 7.5895553 -0.0240966 -0.7149968 -0.0154411 0.6985417
163.911400 -1.9478303 -0.1078331 7.5864315 -0.0183711 -0.7171289 -0.0127712 0.6965814
164.119900 -2.0151050 -0.1054620 7.5827284 -0.0112916 -0.7178029 -0.0085070 0.6961028
164.328400 -2.0871322 -0.1036309 7.5796347 -0.0166338 -0.7184228 -0.0110066 0.6953207
164.536900 -2.1619666 -0.1012747 7.5756388 -0.0161841 -0.7192118 -0.0128289 0.6944839
164.745400 -2.2382679 -0.0986603 7.5713081 -0.0126388 -0.7199323 -0.0109471 0.6938428
164.953900 -2.3199060 -0.0968976 7.5665278 -0.0138332 -0.7201461 -0.0137031 0.6935492
165.162300 -2.3994436 -0.0951254 7.5614815 -0.0157056 -0.7203949 -0.0158827 0.6932043
165.370800 -2.4822552 -0.0925099 7.5575075 -0.0169013 -0.7202883 -0.0168079 0.6932651
165.579300 -2.5678506 -0.0894869 7.5526214 -0.0142663 -0.7191799 -0.0157935 0.6944979
165.787800 -2.6536112 -0.0871027 7.5489898 -0.0148127 -0.7180544 -0.0169103 0.6956238
165.996300 -2.7415354 -0.0845175 7.5443449 -0.0156096 -0.7164734 -0.0176217 0.6972171
166.204900 -2.8323200 -0.0814472 7.5400901 -0.0162044 -0.7153944 -0.0168254 0.6983303
166.413200 -2.9226034 -0.0785536 7.5365095 -0.0161699 -0.7150911 -0.0158071 0.6986654
166.621500 -3.0147572 -0.0752704 7.5321207 -0.0168644 -0.7151608 -0.0161316 0.6985703
166.725700 -3.0610638 -0.0737772 7.5298471 -0.0158357 -0.7153815 -0.0174519 0.6983366
166.829900 -3.1071920 -0.0723317 7.5280848 -0.0144865 -0.7157696 -0.0172812 0.6979723
167.246600 -3.2934668 -0.0673875 7.5189948 -0.0152449 -0.7161408 -0.0193662 0.6975205
167.455000 -3.3882823 -0.0645599 7.5144224 -0.0168998 -0.7154174 -0.0191980 0.6982290
167.663200 -3.4830587 -0.0611010 7.5108500 -0.0178470 -0.7151920 -0.0192312 0.6984354
167.871500 -3.5779855 -0.0577837 7.5067892 -0.0152890 -0.7151375 -0.0202137 0.6985241
168.079800 -3.6718640 -0.0548240 7.5026479 -0.0120126 -0.7149749 -0.0204363 0.6987482
168.288000 -3.7660406 -0.0516102 7.4981084 -0.0148884 -0.7147080 -0.0258249 0.6987875
168.496400 -3.8617668 -0.0475288 7.4943151 -0.0163230 -0.7146764 -0.0286856 0.6986761
168.704700 -3.9558563 -0.0436432 7.4909029 -0.0111557 -0.7149481 -0.0242159 0.6986691
168.913000 -4.0505571 -0.0404980 7.4875002 -0.0101650 -0.7142966 -0.0222018 0.6994170
169.121700 -4.1461296 -0.0376366 7.4837003 -0.0126173 -0.7138595 -0.0218855 0.6998332
169.329900 -4.2412915 -0.0348367 7.4792857 -0.0133993 -0.7137615 -0.0203774 0.6999641
169.538100 -4.3355951 -0.0317903 7.4752584 -0.0130706 -0.7142046 -0.0184956 0.6995705
169.746400 -4.4301004 -0.0289553 7.4713402 -0.0165712 -0.7145201 -0.0197597 0.6991395
169.954800 -4.5224977 -0.0258567 7.4679613 -0.0163725 -0.7148312 -0.0200148 0.6988188
170.163200 -4.6170597 -0.0228983 7.4636536 -0.0119476 -0.7151642 -0.0188742 0.6985993
170.371500 -4.7105398 -0.0204656 7.4588814 -0.0134551 -0.7150855 -0.0219478 0.6985628
170.580000 -4.8050170 -0.0169819 7.4551048 -0.0145334 -0.7154641 -0.0223914 0.6981394
170.788300 -4.8989239 -0.0140435 7.4510002 -0.0115716 -0.7162304 -0.0229311 0.6973911
170.996500 -4.9932313 -0.0111574 7.4460535 -0.0099249 -0.7171253 -0.0243312 0.6964487
171.204900 -5.0875168 -0.0083442 7.4414363 -0.0095801 -0.7192637 -0.0227988 0.6942968
171.413200 -5.1818719 -0.0057493 7.4358215 -0.0098255 -0.7205654 -0.0190451 0.6930557
171.621400 -5.2759624 -0.0036096 7.4306765 -0.0080488 -0.7222365 -0.0173916 0.6913807
171.829800 -5.3713503 -0.0017016 7.4242153 -0.0102932 -0.7233596 -0.0206629 0.6900855
172.038000 -5.4665799 0.0013721 7.4174714 -0.0118577 -0.7246125 -0.0228096 0.6886769
172.247200 -5.5608783 0.0044060 7.4106278 -0.0098175 -0.7263162 -0.0187927 0.6870337
172.558700 -5.7031584 0.0072260 7.3985367 -0.0099307 -0.7287874 -0.0189014 0.6844071
172.766900 -5.7991838 0.0096017 7.3908172 -0.0102324 -0.7303556 -0.0201834 0.6826922
172.975200 -5.8941441 0.0119194 7.3828125 -0.0106433 -0.7320555 -0.0197916 0.6808742
173.183400 -5.9881783 0.0141599 7.3736625 -0.0103742 -0.7336893 -0.0180992 0.6791648
173.391600 -6.0846343 0.0161724 7.3642502 -0.0109141 -0.7349080 -0.0177530 0.6778466
173.599900 -6.1787634 0.0183421 7.3550863 -0.0113370 -0.7359865 -0.0158310 0.6767161
173.808100 -6.2738633 0.0207589 7.3458905 -0.0137611 -0.7371193 -0.0163641 0.6754242
174.016400 -6.3688855 0.0233437 7.3363881 -0.0140018 -0.7381213 -0.0159244 0.6743347
174.224700 -6.4641175 0.0256355 7.3259988 -0.0132999 -0.7388598 -0.0152685 0.6735548
174.433100 -6.5588784 0.0278531 7.3157725 -0.0135769 -0.7395241 -0.0135549 0.6728566
174.641400 -6.6546426 0.0299175 7.3060241 -0.0155912 -0.7400359 -0.0133788 0.6722535
174.849700 -6.7503867 0.0322371 7.2954059 -0.0179253 -0.7396149 -0.0121828 0.6726813
175.162100 -6.8916364 0.0353301 7.2797680 -0.0137294 -0.7393244 -0.0110019 0.6731195
175.370400 -6.9870744 0.0371755 7.2697825 -0.0137109 -0.7394423 -0.0138120 0.6729385
175.578600 -7.0832486 0.0393143 7.2593770 -0.0150423 -0.7396744 -0.0156604 0.6726145
175.891100 -7.2255597 0.0431730 7.2420325 -0.0132487 -0.7400299 -0.0146159 0.6722846
176.099300 -7.3208060 0.0454386 7.2305584 -0.0117276 -0.7399052 -0.0158473 0.6724222
176.307600 -7.4164448 0.0477937 7.2195129 -0.0120430 -0.7397162 -0.0165063 0.6726087
176.515700 -7.5114865 0.0500906 7.2087140 -0.0131837 -0.7391976 -0.0153042 0.6731856
176.723900 -7.6070943 0.0523299 7.1982422 -0.0135411 -0.7390061 -0.0146907 0.6734024
176.932200 -7.7026296 0.0541645 7.1879258 -0.0115240 -0.7389748 -0.0133356 0.6735024
177.140500 -7.7988319 0.0562384 7.1772027 -0.0126706 -0.7387115 -0.0157342 0.6737189
177.348600 -7.8946214 0.0586810 7.1669531 -0.0148956 -0.7388589 -0.0131863 0.6735664
177.556900 -7.9896550 0.0605794 7.1564860 -0.0164703 -0.7389609 -0.0123839 0.6734331
177.764900 -8.0841074 0.0626514 7.1456943 -0.0155998 -0.7389833 -0.0114921 0.6734450
178.077300 -8.2268362 0.0662433 7.1295114 -0.0197990 -0.7384647 -0.0153198 0.6738274
178.285500 -8.3194256 0.0681931 7.1195664 -0.0150684 -0.7383228 -0.0099448 0.6742058
178.493800 -8.4114399 0.0696401 7.1094093 -0.0129891 -0.7377872 -0.0083564 0.6748566
178.702100 -8.5042496 0.0717115 7.0995469 -0.0195382 -0.7370663 -0.0130860 0.6754112
178.910400 -8.5956411 0.0737879 7.0904112 -0.0194168 -0.7370417 -0.0143355 0.6754162
179.118400 -8.6851501 0.0754446 7.0818100 -0.0158602 -0.7369340 -0.0048785 0.6757610
179.326700 -8.7755594 0.0771454 7.0726767 -0.0230987 -0.7376449 -0.0083361 0.6747422
179.534800 -8.8654547 0.0800099 7.0639215 -0.0304974 -0.7372770 -0.0142765 0.6747509
179.744400 -8.9521866 0.0827624 7.0545535 -0.0216746 -0.7373372 -0.0105517 0.6750946
179.951300 -9.0377922 0.0843712 7.0450139 -0.0157573 -0.7374275 -0.0064255 0.6752120
180.159600 -9.1239643 0.0867303 7.0361547 -0.0205059 -0.7375183 -0.0135944 0.6748789
180.367800 -9.2085485 0.0895772 7.0270982 -0.0220347 -0.7377238 -0.0169689 0.6745295
180.576000 -9.2917643 0.0921743 7.0181880 -0.0216841 -0.7380890 -0.0151063 0.6741856
180.784300 -9.3724833 0.0942337 7.0095634 -0.0197937 -0.7379500 -0.0113178 0.6744701
180.992700 -9.4522009 0.0963289 7.0018306 -0.0199730 -0.7371557 -0.0116933 0.6753265
181.201300 -9.5314312 0.0982590 6.9938874 -0.0163388 -0.7361727 -0.0110136 0.6765069
181.409200 -9.6097431 0.0995458 6.9858527 -0.0154252 -0.7355549 -0.0119826 0.6771836
181.617500 -9.6873064 0.1011418 6.9783740 -0.0170307 -0.7360103 -0.0130310 0.6766306
181.825600 -9.7634373 0.1026076 6.9707308 -0.0146442 -0.7373407 -0.0132444 0.6752324
182.033900 -9.8385792 0.1040288 6.9618759 -0.0144212 -0.7393299 -0.0139681 0.6730439
182.241800 -9.9127541 0.1056941 6.9523759 -0.0161797 -0.7417292 -0.0155406 0.6703241
182.450100 -9.9866648 0.1069772 6.9429016 -0.0169098 -0.7449169 -0.0143061 0.6667895
182.658200 -10.0595636 0.1088873 6.9329357 -0.0158194 -0.7489738 -0.0096427 0.6623405
182.970500 -10.1673918 0.1111282 6.9166322 -0.0194406 -0.7553827 -0.0143599 0.6548380
183.178800 -10.2383280 0.1131037 6.9047937 -0.0178055 -0.7594318 -0.0119500 0.6502334
183.387100 -10.3086195 0.1148893 6.8919754 -0.0133844 -0.7617547 -0.0135230 0.6475861
183.595900 -10.3781719 0.1163074 6.8786902 -0.0112434 -0.7618080 -0.0193147 0.6474172
183.804500 -10.4463673 0.1180668 6.8658948 -0.0095047 -0.7611949 -0.0223286 0.6480689
184.117400 -10.5472832 0.1204887 6.8470516 -0.0067315 -0.7588303 -0.0259258 0.6507373
184.326100 -10.6116638 0.1222711 6.8357425 -0.0026056 -0.7540740 -0.0283398 0.6561726
184.639000 -10.7049847 0.1245430 6.8232145 -0.0005324 -0.7411534 -0.0312461 0.6706079
184.847900 -10.7656879 0.1260496 6.8175006 -0.0010614 -0.7325591 -0.0312527 0.6799847
185.056200 -10.8230133 0.1274103 6.8139563 -0.0008046 -0.7238749 -0.0326588 0.6891574
185.577700 -10.9563303 0.1307364 6.8071985 -0.0015194 -0.6964691 -0.0324325 0.7168518
185.786200 -11.0069265 0.1317245 6.8094049 -0.0025328 -0.6854373 -0.0306328 0.7274826
185.994600 -11.0557613 0.1326761 6.8126245 -0.0013089 -0.6744139 -0.0281627 0.7378150
186.203000 -11.1026506 0.1334470 6.8168039 -0.0017111 -0.6630473 -0.0272829 0.7480782
186.411400 -11.1482391 0.1340840 6.8226047 -0.0037772 -0.6526647 -0.0267952 0.7571635
186.828000 -11.2329350 0.1358828 6.8359804 -0.0055832 -0.6374407 -0.0248181 0.7700794
187.036100 -11.2726250 0.1364910 6.8428836 -0.0080404 -0.6357470 -0.0229891 0.7715132
187.244300 -11.3102903 0.1370589 6.8487034 -0.0091137 -0.6369089 -0.0230293 0.7705411
187.868000 -11.4093542 0.1389281 6.8587627 -0.0127037 -0.6652638 -0.0209521 0.7462062
188.076000 -11.4386959 0.1396887 6.8593411 -0.0146241 -0.6820394 -0.0202580 0.7308885
188.283800 -11.4663620 0.1404229 6.8577294 -0.0165828 -0.7028764 -0.0202445 0.7108305
188.491800 -11.4920053 0.1411384 6.8536582 -0.0143567 -0.7263519 -0.0226050 0.6868012
188.907700 -11.5384712 0.1422486 6.8400297 -0.0097565 -0.7746735 -0.0206313 0.6319494
189.115800 -11.5608339 0.1429870 6.8307476 -0.0092622 -0.7967392 -0.0210632 0.6038852
189.324100 -11.5819178 0.1439202 6.8193793 -0.0050773 -0.8174011 -0.0231759 0.5755801
189.532400 -11.6018848 0.1445331 6.8064456 -0.0011046 -0.8361145 -0.0261558 0.5479298
190.678900 -11.7023668 0.1499095 6.7220802 -0.0027698 0.9026976 0.0288517 -0.4292981
190.991800 -11.7285938 0.1514835 6.6957917 -0.0015196 0.9137280 0.0207627 -0.4057928
191.200200 -11.7464037 0.1526581 6.6764922 -0.0007453 0.9210602 0.0184913 -0.3889802
191.825000 -11.7967939 0.1549257 6.6084757 0.0061641 0.9480409 0.0233445 -0.3172310
192.034000 -11.8124084 0.1558435 6.5818534 0.0075653 0.9574040 0.0230866 -0.2877279
192.241400 -11.8275156 0.1571808 6.5525680 0.0097947 0.9663206 0.0199760 -0.2563778
192.449700 -11.8405504 0.1588318 6.5195894 0.0055594 0.9744774 0.0182448 -0.2236741
192.657900 -11.8540821 0.1597537 6.4827619 0.0098110 0.9812102 0.0193734 -0.1917157
192.866300 -11.8666191 0.1609824 6.4418240 0.0099143 0.9859037 0.0194963 -0.1658781
193.075100 -11.8788929 0.1626032 6.3966393 0.0073630 0.9883469 0.0208827 -0.1505991
193.283700 -11.8923950 0.1643939 6.3466468 0.0117337 0.9899057 0.0209540 -0.1396783
193.492200 -11.9056587 0.1661848 6.2918739 0.0165354 0.9918544 0.0183760 -0.1249555
193.700500 -11.9177246 0.1684033 6.2317333 0.0175854 0.9937248 0.0174789 -0.1090697
193.909100 -11.9292021 0.1709519 6.1658888 0.0208221 0.9952089 0.0196173 -0.0934928
194.117500 -11.9393330 0.1734919 6.0954361 0.0217347 0.9963487 0.0191694 -0.0803080
194.326200 -11.9485083 0.1760442 6.0205584 0.0220738 0.9970765 0.0173105 -0.0710744
194.534900 -11.9573374 0.1785679 5.9412556 0.0218512 0.9974333 0.0183200 -0.0656788
194.743500 -11.9663906 0.1811863 5.8582554 0.0228434 0.9975929 0.0180014 -0.0629486
194.952100 -11.9754028 0.1845434 5.7719893 0.0233010 0.9976870 0.0179833 -0.0612716
195.160600 -11.9850149 0.1872413 5.6813293 0.0258644 0.9976881 0.0194360 -0.0597647
195.369000 -11.9939451 0.1905707 5.5857925 0.0273047 0.9977250 0.0192744 -0.0585479
195.577500 -12.0041704 0.1937439 5.4844956 0.0273870 0.9978718 0.0161169 -0.0569395
195.890200 -12.0192289 0.1980808 5.3268056 0.0264943 0.9979358 0.0197801 -0.0550528
196.098500 -12.0284929 0.2017872 5.2194014 0.0286020 0.9978228 0.0256361 -0.0536127
196.411200 -12.0430260 0.2068667 5.0601468 0.0288997 0.9980348 0.0227363 -0.0507392
196.723700 -12.0563478 0.2121885 4.9002032 0.0258763 0.9982806 0.0233145 -0.0471446
197.036300 -12.0686178 0.2159818 4.7438045 0.0263650 0.9984055 0.0240760 -0.0437240
197.348800 -12.0789356 0.2211074 4.5875854 0.0263808 0.9984972 0.0249665 -0.0410375
197.661500 -12.0893536 0.2258731 4.4287543 0.0235428 0.9986405 0.0253341 -0.0390015
197.869800 -12.0958157 0.2295505 4.3241663 0.0231084 0.9986916 0.0243284 -0.0385920
198.078100 -12.1015005 0.2326775 4.2196879 0.0235343 0.9986991 0.0243653 -0.0381119
198.390400 -12.1112833 0.2373125 4.0636449 0.0236440 0.9987305 0.0254385 -0.0364864
198.598700 -12.1177645 0.2408083 3.9596200 0.0224939 0.9988285 0.0251707 -0.0346705
198.806900 -12.1235132 0.2439565 3.8566399 0.0220524 0.9988944 0.0253873 -0.0328497
199.015000 -12.1282883 0.2469653 3.7544568 0.0211782 0.9990138 0.0227927 -0.0316757
199.223300 -12.1332760 0.2500099 3.6524570 0.0200109 0.9990215 0.0241716 -0.0311651
199.431800 -12.1381445 0.2530552 3.5511966 0.0199782 0.9990054 0.0252801 -0.0308202
199.639900 -12.1424408 0.2559112 3.4505708 0.0195080 0.9990355 0.0227591 -0.0320874
199.848200 -12.1482668 0.2587824 3.3504808 0.0178350 0.9989755 0.0226689 -0.0348720
200.056800 -12.1542463 0.2613989 3.2508895 0.0185817 0.9988008 0.0221406 -0.0395160
200.265000 -12.1616182 0.2645138 3.1527214 0.0220851 0.9985799 0.0222613 -0.0430674
200.473300 -12.1690989 0.2674569 3.0548358 0.0214900 0.9983662 0.0271446 -0.0454551
200.681600 -12.1762047 0.2711430 2.9569712 0.0178332 0.9982017 0.0316379 -0.0476912
200.889800 -12.1840916 0.2749818 2.8599763 0.0144610 0.9983763 0.0254278 -0.0488787
201.098000 -12.1928720 0.2784083 2.7632709 0.0170893 0.9984226 0.0222701 -0.0486256
201.306400 -12.2015448 0.2810880 2.6659987 0.0182628 0.9983079 0.0262079 -0.0485903
201.514700 -12.2092562 0.2849461 2.5692689 0.0169659 0.9982195 0.0289492 -0.0493146
201.723300 -12.2171221 0.2888516 2.4730527 0.0163815 0.9982185 0.0277992 -0.0501853
201.931300 -12.2255440 0.2921861 2.3773966 0.0172187 0.9982578 0.0271608 -0.0494682
202.139600 -12.2335653 0.2955143 2.2818956 0.0175642 0.9983046 0.0276936 -0.0480876
202.347900 -12.2408390 0.2988774 2.1872318 0.0166652 0.9983801 0.0282773 -0.0464745
202.556200 -12.2483854 0.3026102 2.0920770 0.0161564 0.9984856 0.0280016 -0.0445118
202.764600 -12.2555132 0.3058561 1.9983139 0.0159211 0.9985895 0.0276972 -0.0424070
203.077100 -12.2642927 0.3105406 1.8569818 0.0141725 0.9986823 0.0275063 -0.0409431
203.285500 -12.2706079 0.3136387 1.7629840 0.0140678 0.9986969 0.0280258 -0.0402626
203.493800 -12.2771749 0.3172719 1.6703281 0.0132256 0.9987048 0.0280012 -0.0403703
203.702200 -12.2831774 0.3203732 1.5778131 0.0124389 0.9987028 0.0272933 -0.0411484
204.015000 -12.2920122 0.3254535 1.4375433 0.0101509 0.9985631 0.0276120 -0.0447930
204.327700 -12.3042879 0.3299982 1.3033676 0.0111789 0.9983354 0.0278568 -0.0492491
204.536200 -12.3126688 0.3331442 1.2141613 0.0115908 0.9982219 0.0273919 -0.0516574
204.744700 -12.3201494 0.3370068 1.1245853 0.0113092 0.9981281 0.0270772 -0.0536593
204.953000 -12.3276443 0.3400675 1.0372109 0.0110573 0.9980243 0.0273459 -0.0554754
205.265300 -12.3403606 0.3441466 0.9060447 0.0120176 0.9979206 0.0264916 -0.0575169
205.473600 -12.3484430 0.3472299 0.8197734 0.0123102 0.9978823 0.0275401 -0.0576274
205.681700 -12.3563652 0.3504331 0.7339936 0.0139860 0.9980485 0.0272430 -0.0544182
205.889700 -12.3633223 0.3532069 0.6480033 0.0143704 0.9984078 0.0272017 -0.0472801
206.097700 -12.3682528 0.3560369 0.5630517 0.0146203 0.9987883 0.0276420 -0.0380015
206.305800 -12.3724890 0.3595019 0.4777075 0.0147654 0.9991106 0.0284202 -0.0274257
206.513700 -12.3753452 0.3626949 0.3935485 0.0155286 0.9993842 0.0270508 -0.0160701
206.722100 -12.3759289 0.3644385 0.3100252 0.0171439 0.9995193 0.0256328 -0.0031929
207.137600 -12.3688040 0.3707481 0.1419528 0.0200268 0.9989594 0.0245580 0.0328032
207.345600 -12.3599005 0.3730327 0.0590320 0.0189772 0.9981020 0.0246775 0.0531347
207.553700 -12.3472366 0.3754163 -0.0232881 0.0190933 0.9967598 0.0245562 0.0741776
207.761600 -12.3314466 0.3776792 -0.1055174 0.0196699 0.9948459 0.0235616 0.0966412
207.969500 -12.3115435 0.3798297 -0.1879016 0.0194747 0.9923701 0.0212207 0.1198829
208.177600 -12.2874336 0.3812417 -0.2700785 0.0194910 0.9892688 0.0213767 0.1432144
208.385700 -12.2590542 0.3828237 -0.3529989 0.0200740 0.9855224 0.0227047 0.1668145
208.593700 -12.2263966 0.3842695 -0.4352877 0.0217211 0.9811974 0.0221453 0.1904980
208.802200 -12.1892509 0.3858237 -0.5167509 0.0212596 0.9764323 0.0222211 0.2136216
209.114100 -12.1248837 0.3881552 -0.6395016 0.0196463 0.9692468 0.0190922 0.2445611
209.322400 -12.0770340 0.3889173 -0.7206655 0.0187487 0.9644758 0.0181787 0.2628774
209.531200 -12.0256567 0.3897531 -0.8015773 0.0164153 0.9608782 0.0165634 0.2759878
209.739400 -11.9714279 0.3906069 -0.8837715 0.0140571 0.9584835 0.0157758 0.2843640
209.947900 -11.9141035 0.3910563 -0.9666935 0.0139539 0.9571859 0.0148200 0.2887575
210.260700 -11.8256102 0.3913930 -1.0936157 0.0142321 0.9562349 0.0130515 0.2919621
210.469100 -11.7656994 0.3907930 -1.1776448 0.0128959 0.9560760 0.0136916 0.2925149
210.781700 -11.6732445 0.3902277 -1.3098358 0.0115595 0.9567712 0.0132025 0.2903119
211.094400 -11.5854597 0.3902802 -1.4412551 0.0093979 0.9590183 0.0140251 0.2828407
211.406900 -11.5006723 0.3905636 -1.5737385 0.0083046 0.9620306 0.0136986 0.2724712
211.615300 -11.4463472 0.3908055 -1.6624397 0.0083420 0.9643444 0.0144805 0.2641223
211.823900 -11.3944092 0.3913086 -1.7511687 0.0102798 0.9663851 0.0158007 0.2564068
212.136100 -11.3172770 0.3916585 -1.8827348 0.0165839 0.9677697 0.0170074 0.2507140
212.344200 -11.2665854 0.3922808 -1.9719632 0.0177188 0.9682168 0.0182359 0.2488167
212.656400 -11.1937294 0.3933814 -2.1021943 0.0215575 0.9686334 0.0189513 0.2468310
212.864600 -11.1461372 0.3936516 -2.1880724 0.0238921 0.9687513 0.0191287 0.2461383
213.072700 -11.0979652 0.3942644 -2.2747562 0.0250037 0.9688394 0.0195913 0.2456445
213.280800 -11.0522757 0.3947595 -2.3589854 0.0267950 0.9689023 0.0208761 0.2451010
213.489000 -11.0077620 0.3952788 -2.4425764 0.0279571 0.9688746 0.0217460 0.2450051
213.593100 -10.9851990 0.3958824 -2.4831734 0.0277443 0.9689922 0.0215889 0.2445777
213.801100 -10.9424400 0.3961825 -2.5600042 0.0281326 0.9685508 0.0225192 0.2461925
214.009100 -10.9009361 0.3965826 -2.6329947 0.0284763 0.9673459 0.0243042 0.2506798
214.217100 -10.8615990 0.3968432 -2.7012663 0.0298532 0.9655122 0.0236090 0.2575610
214.425200 -10.8231907 0.3972905 -2.7640245 0.0295717 0.9636762 0.0235079 0.2643882
214.633200 -10.7870483 0.3974384 -2.8223956 0.0286858 0.9618512 0.0241911 0.2709872
214.841300 -10.7528934 0.3979386 -2.8758299 0.0277664 0.9601632 0.0227002 0.2771287
215.052500 -10.7205906 0.3980495 -2.9247580 0.0273332 0.9585283 0.0226332 0.2827791
215.257800 -10.6897621 0.3982310 -2.9706230 0.0274822 0.9565391 0.0231539 0.2893814
215.466200 -10.6602821 0.3980952 -3.0125780 0.0283988 0.9537318 0.0234432 0.2983949
215.674000 -10.6309147 0.3982797 -3.0515263 0.0291195 0.9499221 0.0220716 0.3103432
215.882200 -10.6025295 0.3983012 -3.0874622 0.0290600 0.9455152 0.0202395 0.3236463
216.298300 -10.5470867 0.3976251 -3.1520722 0.0316830 0.9339066 0.0192635 0.3555890
216.506400 -10.5201340 0.3974231 -3.1784487 0.0321427 0.9254391 0.0198056 0.3770108
216.923100 -10.4702263 0.3960408 -3.2178741 0.0261300 0.9046289 0.0148641 0.4251385
217.443100 -10.4158859 0.3940800 -3.2512400 0.0236670 0.8774191 0.0071493 0.4790872
217.651400 -10.3935452 0.3932714 -3.2615108 0.0196458 0.8636237 0.0068937 0.5037068
217.963700 -10.3601532 0.3921520 -3.2736390 0.0157586 0.8412111 0.0052068 0.5404521
218.588500 -10.2842007 0.3897478 -3.2924905 0.0151273 0.7895734 0.0004655 0.6134695
218.900800 -10.2380056 0.3881868 -3.2985830 0.0176613 0.7599379 -0.0017153 0.6497534
219.525600 -10.1220188 0.3841370 -3.2989094 0.0157428 0.6964784 -0.0053745 0.7173849
219.735500 -10.0755301 0.3824248 -3.2943635 0.0154444 0.6775019 -0.0027801 0.7353536
219.942400 -10.0242367 0.3807618 -3.2875910 0.0150742 0.6608544 -0.0013415 0.7503615
220.255100 -9.9395638 0.3784718 -3.2713706 0.0149561 0.6338580 -0.0016212 0.7733031
220.463500 -9.8789234 0.3765111 -3.2562718 0.0147601 0.6133106 0.0040432 0.7896935
220.671700 -9.8148394 0.3748115 -3.2371144 0.0149752 0.5911952 0.0106645 0.8063190
220.880200 -9.7482195 0.3727910 -3.2126522 0.0204148 0.5673265 0.0140206 0.8231205
221.088500 -9.6789389 0.3706879 -3.1829777 0.0270350 0.5434805 0.0152411 0.8388479
221.296900 -9.6068525 0.3677641 -3.1467118 0.0245694 0.5234007 0.0158631 0.8515847
221.505700 -9.5322313 0.3647787 -3.1058452 0.0218888 0.5075954 0.0154481 0.8611789
221.714400 -9.4549007 0.3618683 -3.0601935 0.0211207 0.4973083 0.0122349 0.8672304
221.923300 -9.3759232 0.3586104 -3.0116000 0.0188151 0.4929438 0.0084228 0.8698169
222.241200 -9.2516651 0.3536326 -2.9375525 0.0181507 0.4932401 0.0057819 0.8696846
222.445200 -9.1656361 0.3500154 -2.8872621 0.0187672 0.4938263 0.0052782 0.8693420
222.653900 -9.0774927 0.3466394 -2.8351455 0.0161267 0.4948529 0.0057827 0.8688079
222.862400 -8.9886971 0.3432065 -2.7830746 0.0146141 0.4961587 0.0046481 0.8680964
223.070900 -8.8970566 0.3395511 -2.7306724 0.0157897 0.4979329 0.0019942 0.8670695
223.383700 -8.7549181 0.3343583 -2.6502588 0.0120608 0.5023221 0.0004686 0.8645963
223.592100 -8.6573973 0.3308645 -2.5975327 0.0099541 0.5064020 0.0000265 0.8622401
223.904700 -8.5070572 0.3258086 -2.5207512 0.0107045 0.5130564 0.0024034 0.8582848
224.217200 -8.3547668 0.3206912 -2.4438763 0.0106338 0.5208155 0.0043125 0.8535922
224.425500 -8.2507906 0.3168289 -2.3930738 0.0115296 0.5268720 0.0025738 0.8498626
224.633700 -8.1462212 0.3127637 -2.3436024 0.0097245 0.5332696 0.0033110 0.8458830
224.841700 -8.0423975 0.3098987 -2.2956064 0.0088642 0.5389399 0.0033529 0.8422909
224.945800 -7.9901280 0.3083452 -2.2718859 0.0075198 0.5413424 0.0040613 0.8407588
225.153800 -7.8866687 0.3054221 -2.2254326 0.0056295 0.5446233 0.0044893 0.8386499
225.361700 -7.7838173 0.3029090 -2.1814258 0.0138905 0.5451512 0.0048831 0.8382084
225.569800 -7.6803136 0.2988415 -2.1364381 0.0131235 0.5449560 0.0066079 0.8383359
225.777700 -7.5770612 0.2957948 -2.0918443 0.0110500 0.5453857 0.0062205 0.8380893
225.986100 -7.4733510 0.2922045 -2.0470672 0.0128689 0.5453705 0.0057533 0.8380766
226.193900 -7.3715243 0.2879883 -2.0029299 0.0175021 0.5455459 0.0054377 0.8378805
226.401900 -7.2681303 0.2842216 -1.9588636 0.0175203 0.5454915 0.0059840 0.8379119
226.610000 -7.1642933 0.2795837 -1.9147078 0.0164783 0.5456159 0.0074406 0.8378403
226.818100 -7.0617270 0.2753449 -1.8712054 0.0176981 0.5455860 0.0071117 0.8378378
227.026100 -6.9589143 0.2711832 -1.8272845 0.0178595 0.5455120 0.0071190 0.8378825
227.234600 -6.8551512 0.2673874 -1.7836658 0.0148299 0.5453922 0.0080340 0.8380113
227.442300 -6.7533832 0.2637196 -1.7398127 0.0161915 0.5441962 0.0085605 0.8387581
227.650500 -6.6521111 0.2597513 -1.6960653 0.0179051 0.5421662 0.0078900 0.8400434
227.858600 -6.5516806 0.2551849 -1.6519130 0.0165985 0.5404524 0.0087448 0.8411654
228.066700 -6.4531364 0.2506978 -1.6090345 0.0169703 0.5389971 0.0064156 0.8421122
228.275000 -6.3544650 0.2465845 -1.5647455 0.0121438 0.5409164 0.0046441 0.8409759
228.483200 -6.2559624 0.2433062 -1.5223936 0.0075441 0.5460159 0.0022177 0.8377379
228.691700 -6.1587009 0.2401206 -1.4832287 0.0104875 0.5534518 -0.0048451 0.8328011
228.900100 -6.0599566 0.2354552 -1.4463720 0.0067164 0.5617898 -0.0043154 0.8272415
229.109100 -5.9601145 0.2323874 -1.4106756 0.0064517 0.5695676 -0.0034436 0.8219119
229.316600 -5.8600121 0.2287768 -1.3759333 0.0103940 0.5745885 -0.0033327 0.8183697
229.524700 -5.7597127 0.2250306 -1.3415873 0.0081338 0.5779795 0.0012210 0.8160098
229.733000 -5.6591101 0.2216477 -1.3086025 0.0121534 0.5814264 -0.0026496 0.8135039
229.941100 -5.5584364 0.2178622 -1.2760409 0.0113497 0.5844344 -0.0054211 0.8113434
230.149200 -5.4582472 0.2137100 -1.2444342 0.0093345 0.5854186 -0.0029506 0.8106721
230.357400 -5.3594942 0.2103406 -1.2130423 0.0051934 0.5858784 -0.0037324 0.8103737
230.565700 -5.2607250 0.2069902 -1.1819222 0.0032992 0.5888683 -0.0090398 0.8081717
230.774000 -5.1619649 0.2029235 -1.1523709 0.0091835 0.5932198 -0.0142508 0.8048620
230.982300 -5.0612240 0.1980925 -1.1238221 0.0094159 0.5986015 -0.0099237 0.8009301
231.190900 -4.9600406 0.1937346 -1.0959901 0.0084551 0.6051090 -0.0082166 0.7960553
231.399400 -4.8597069 0.1895808 -1.0712608 0.0086941 0.6115522 -0.0074510 0.7911212
231.607700 -4.7598386 0.1852344 -1.0480394 0.0096138 0.6177347 -0.0068491 0.7862980
231.815900 -4.6584029 0.1811876 -1.0247649 0.0091193 0.6232703 -0.0048521 0.7819383
232.024100 -4.5566702 0.1773461 -1.0043731 0.0091781 0.6278781 -0.0033558 0.7782503
232.232300 -4.4548044 0.1732723 -0.9838868 0.0124108 0.6304771 -0.0014174 0.7761073
232.440500 -4.3517442 0.1686202 -0.9646610 0.0139494 0.6319686 -0.0003254 0.7748684
232.752900 -4.1987267 0.1622411 -0.9363657 0.0111831 0.6349980 0.0034985 0.7724249
232.960900 -4.0976295 0.1589488 -0.9175214 0.0125906 0.6372454 0.0037781 0.7705489
233.169100 -3.9964421 0.1555756 -0.9000322 0.0120662 0.6385581 0.0051829 0.7694616
233.481200 -3.8465178 0.1501941 -0.8743074 0.0126247 0.6404856 0.0037611 0.7678572
233.689400 -3.7464137 0.1472526 -0.8577878 0.0122931 0.6415275 0.0046401 0.7669874
233.897200 -3.6480446 0.1439280 -0.8413975 0.0120486 0.6427059 0.0064955 0.7659907
234.105200 -3.5497410 0.1409607 -0.8253848 0.0153829 0.6436511 0.0069364 0.7651330
234.313200 -3.4520078 0.1377045 -0.8094028 0.0157226 0.6450471 0.0082415 0.7639366
234.521300 -3.3540165 0.1344095 -0.7948831 0.0130526 0.6460268 0.0090487 0.7631494
234.729300 -3.2573431 0.1312164 -0.7807098 0.0144036 0.6472206 0.0076602 0.7621282
234.937900 -3.1611974 0.1282852 -0.7664483 0.0158518 0.6487267 0.0066207 0.7608275
235.145400 -3.0664818 0.1248283 -0.7519077 0.0170275 0.6510125 0.0049126 0.7588601
235.353500 -2.9719973 0.1213993 -0.7382476 0.0144945 0.6531578 0.0045953 0.7570691
235.561500 -2.8773310 0.1178605 -0.7251711 0.0138657 0.6550283 0.0042533 0.7554651
235.769400 -2.7833021 0.1137220 -0.7128530 0.0167586 0.6561174 0.0035757 0.7544642
235.977600 -2.6906953 0.1106596 -0.7006599 0.0169527 0.6576597 0.0042023 0.7531126
236.185900 -2.5991993 0.1067887 -0.6888483 0.0166790 0.6590544 0.0061565 0.7518851
236.394600 -2.5082333 0.1035824 -0.6774889 0.0167008 0.6603058 0.0069523 0.7507789
236.601800 -2.4189403 0.0998943 -0.6668774 0.0183438 0.6615502 0.0066270 0.7496472
236.914000 -2.2894771 0.0949287 -0.6517000 0.0185749 0.6626593 0.0069947 0.7486579
237.122100 -2.2069762 0.0913900 -0.6419963 0.0181231 0.6635969 0.0075867 0.7478323
237.330200 -2.1268892 0.0882444 -0.6322991 0.0183514 0.6646112 0.0074512 0.7469268
237.538300 -2.0503645 0.0854029 -0.6234958 0.0162367 0.6652802 0.0111957 0.7463332
237.747400 -1.9749995 0.0831190 -0.6151169 0.0139415 0.6662079 0.0145527 0.7454937
237.954600 -1.9032028 0.0811367 -0.6072381 0.0146100 0.6670818 0.0137084 0.7447151
238.162700 -1.8345095 0.0792214 -0.5995572 0.0157800 0.6679508 0.0107944 0.7439598
238.371000 -1.7694957 0.0769173 -0.5927662 0.0176462 0.6684164 0.0101051 0.7435092
239.516800 -1.4693031 0.0683576 -0.5699490 0.0191499 0.6687537 0.0125230 0.7431319
240.662800 -1.2675149 0.0607906 -0.5558044 0.0263159 0.6707243 0.0067485 0.7412090
241.287100 -1.1966087 0.0569862 -0.5454468 0.0241404 0.6516677 0.0051799 0.7581027
249.832300 -1.1162308 0.0531305 -0.5227721 0.0212247 0.6070814 -0.0008005 0.7943558
250.144600 -1.1069909 0.0527302 -0.5196054 0.0236370 0.5986381 -0.0041829 0.8006599
251.080000 -1.0327708 0.0492951 -0.4819458 0.0174576 0.5036227 -0.0018433 0.8637453
251.599000 -0.9694986 0.0465770 -0.4321244 0.0096738 0.4014553 -0.0066295 0.9158036
251.806700 -0.9411272 0.0446150 -0.4030633 0.0104877 0.3537832 -0.0071410 0.9352414
252.014500 -0.9134114 0.0427141 -0.3673297 0.0079686 0.3047619 -0.0065078 0.9523730
252.222500 -0.8889039 0.0414376 -0.3237161 0.0044398 0.2574015 -0.0053011 0.9662798
252.326600 -0.8773463 0.0408779 -0.2993968 0.0053100 0.2339426 -0.0061884 0.9722162
252.951700 -0.8192301 0.0364551 -0.1261143 0.0039061 0.1120824 0.0041336 0.9936826
253.056000 -0.8128306 0.0356578 -0.0909659 0.0043006 0.0944136 0.0074479 0.9954959
253.160200 -0.8083421 0.0353883 -0.0545907 0.0047737 0.0775061 0.0080375 0.9969481
253.368700 -0.8031626 0.0340847 0.0234321 0.0052749 0.0461637 0.0087765 0.9988814
253.473000 -0.8024435 0.0332319 0.0645826 0.0066026 0.0317272 0.0083587 0.9994398
254.099000 -0.8173853 0.0278199 0.3103245 0.0090853 -0.0224622 0.0003497 0.9997063
254.621100 -0.8438105 0.0231549 0.5530704 0.0086259 -0.0285225 -0.0038760 0.9995484
255.038200 -0.8697579 0.0202463 0.7737046 0.0027417 -0.0299499 -0.0024747 0.9995446
255.559500 -0.9193740 0.0159463 1.0815437 -0.0008904 -0.0307856 -0.0023192 0.9995229
256.080400 -0.9665936 0.0059418 1.3842183 0.0001311 -0.0320536 -0.0065410 0.9994648
256.601100 -0.9966457 -0.0002053 1.6668998 0.0012487 -0.0328123 -0.0064636 0.9994398
257.121800 -1.0205798 -0.0068791 1.9383373 -0.0020716 -0.0325945 -0.0028478 0.9994625
257.538200 -1.0364661 -0.0106908 2.1564670 0.0016949 -0.0325516 0.0012104 0.9994678
258.163100 -1.0627555 -0.0188698 2.4756122 0.0007885 -0.0316905 -0.0050184 0.9994848
258.787800 -1.0873106 -0.0253070 2.7880795 0.0024441 -0.0331675 -0.0018827 0.9994451
259.308600 -1.1061431 -0.0307831 3.0446045 -0.0016806 -0.0351327 -0.0053000 0.9993672
259.829300 -1.1232489 -0.0363016 3.2954125 -0.0010602 -0.0375231 -0.0033936 0.9992895
260.350100 -1.1392754 -0.0408776 3.5453131 -0.0010784 -0.0377334 -0.0027209 0.9992836
260.766700 -1.1499507 -0.0435822 3.7442234 -0.0027972 -0.0371685 -0.0038975 0.9992975
261.287500 -1.1643045 -0.0488838 3.9879539 0.0034848 -0.0349843 -0.0045694 0.9993713
261.808300 -1.1814442 -0.0535906 4.2297177 0.0067841 -0.0285422 -0.0011147 0.9995689
262.329100 -1.1944091 -0.0623411 4.4721627 0.0054796 -0.0303615 -0.0036545 0.9995173
262.641500 -1.1980009 -0.0647866 4.6071377 -0.0023979 -0.0343727 -0.0036579 0.9993995
263.058100 -1.2111874 -0.0665729 4.8122540 -0.0034833 -0.0395398 0.0011774 0.9992113
263.370700 -1.2226983 -0.0700891 4.9708376 0.0091994 -0.0419328 0.0035426 0.9990718
263.579100 -1.2295160 -0.0735855 5.0807981 0.0051155 -0.0441799 0.0031794 0.9990054
263.787300 -1.2389181 -0.0757281 5.1927147 0.0021351 -0.0457928 0.0029136 0.9989444
263.995700 -1.2500941 -0.0780548 5.3059201 0.0046151 -0.0476347 0.0020067 0.9988521
264.204000 -1.2628609 -0.0807381 5.4214983 0.0007704 -0.0496246 0.0008761 0.9987673
264.412200 -1.2764559 -0.0825945 5.5374575 -0.0002838 -0.0514881 0.0001375 0.9986736
264.620500 -1.2893741 -0.0850623 5.6514969 0.0000451 -0.0536337 -0.0002820 0.9985606
264.828700 -1.3038112 -0.0872520 5.7674866 -0.0010138 -0.0548315 -0.0016073 0.9984938
265.037100 -1.3182738 -0.0895921 5.8841572 -0.0002077 -0.0549792 -0.0020191 0.9984854
265.245300 -1.3283480 -0.0919115 5.9996381 0.0001559 -0.0569266 -0.0016148 0.9983770
265.453600 -1.3471663 -0.0931460 6.1090341 -0.0038635 -0.0563858 -0.0011318 0.9984009
265.661800 -1.3622510 -0.0946279 6.2208958 -0.0033309 -0.0576651 -0.0019036 0.9983286
265.870100 -1.3774219 -0.0964794 6.3337455 -0.0001090 -0.0578521 -0.0022967 0.9983225
266.078300 -1.3907140 -0.0994077 6.4440064 -0.0012533 -0.0571273 -0.0031817 0.9983611
266.286700 -1.4030825 -0.1015126 6.5538487 -0.0018843 -0.0560955 -0.0030551 0.9984190
266.495100 -1.4172726 -0.1036993 6.6595125 -0.0018894 -0.0537153 -0.0038636 0.9985470
266.703500 -1.4272971 -0.1061082 6.7682953 -0.0023322 -0.0530788 -0.0045428 0.9985773
266.911700 -1.4387983 -0.1081531 6.8726234 -0.0006843 -0.0520684 -0.0047223 0.9986321
267.120100 -1.4519372 -0.1095656 6.9741831 0.0014960 -0.0499147 -0.0067915 0.9987293
267.328500 -1.4704111 -0.1097478 7.0652485 0.0027626 -0.0460068 -0.0046439 0.9989265
267.536900 -1.4760078 -0.1128055 7.1706538 0.0006839 -0.0469067 -0.0044050 0.9988893
267.745200 -1.4878753 -0.1146760 7.2723250 0.0071967 -0.0451841 -0.0093136 0.9989094
267.953500 -1.4978341 -0.1176159 7.3718867 0.0075900 -0.0467242 -0.0129490 0.9987950
268.161700 -1.5105600 -0.1206001 7.4730625 0.0062240 -0.0490823 -0.0126423 0.9986953
268.370100 -1.5211167 -0.1233774 7.5724473 0.0031914 -0.0505626 -0.0070283 0.9986911
268.995100 -1.5682834 -0.1274886 7.8616462 0.0002839 -0.0506564 -0.0028820 0.9987119
269.203500 -1.5861439 -0.1302399 7.9973550 0.0028435 -0.0512047 -0.0030409 0.9986795
269.411800 -1.6012660 -0.1307653 8.1093903 0.0041601 -0.0505249 -0.0028453 0.9987101
269.724200 -1.6323304 -0.1320368 8.2747993 0.0054512 -0.0471305 -0.0030110 0.9988694
269.932600 -1.6525487 -0.1321745 8.3828897 0.0051641 -0.0437758 -0.0055508 0.9990126
270.557500 -1.6958318 -0.1386192 8.7189598 0.0043384 -0.0437335 -0.0032234 0.9990286
271.182300 -1.7754614 -0.1388073 9.0523005 0.0053796 -0.0338560 -0.0069154 0.9993883
271.703000 -1.8358213 -0.1369575 9.3316145 0.0031206 -0.0245242 -0.0066921 0.9996719
272.119600 -1.8690161 -0.1474377 9.5295601 0.0052380 -0.0202937 -0.0064224 0.9997597
272.536200 -1.8747039 -0.1523400 9.7259464 0.0063802 -0.0219628 -0.0053715 0.9997240
272.953000 -1.8674867 -0.1587694 9.9197836 0.0053845 -0.0258458 -0.0020718 0.9996493
273.369900 -1.8709478 -0.1649481 10.1125650 0.0055502 -0.0259562 0.0004023 0.9996476
273.786700 -1.8554122 -0.1729869 10.3283529 0.0141200 -0.0307114 0.0024914 0.9994255
274.203200 -1.8703635 -0.1816013 10.5116520 0.0144854 -0.0407815 0.0016414 0.9990617
274.828200 -1.7494916 -0.1689738 10.8144054 0.0064059 -0.0892605 -0.0113921 0.9959226
275.141200 -1.7747256 -0.1730346 10.9525490 0.0099966 -0.0854922 -0.0083980 0.9962533
275.349900 -1.7899029 -0.1761529 11.0466394 0.0121729 -0.0839463 -0.0035353 0.9963897
275.766900 -1.8240550 -0.1840187 11.2424383 0.0126216 -0.0811628 -0.0046772 0.9966100
276.079600 -1.8494442 -0.1888373 11.3951645 0.0107342 -0.0798854 -0.0025672 0.9967430
276.392200 -1.8752582 -0.1951225 11.5519123 0.0158806 -0.0795570 0.0005932 0.9967036
276.600600 -1.8936433 -0.1993185 11.6583643 0.0116642 -0.0787401 -0.0019428 0.9968250
276.809000 -1.9114442 -0.2032100 11.7636814 0.0085999 -0.0784405 -0.0029445 0.9968774
277.017400 -1.9297686 -0.2070075 11.8694363 0.0081739 -0.0780639 -0.0039858 0.9969069
277.225700 -1.9466895 -0.2107890 11.9743395 0.0114596 -0.0778583 -0.0037079 0.9968917
277.434000 -1.9639878 -0.2157803 12.0772839 0.0132432 -0.0775603 -0.0033022 0.9968942
277.642400 -1.9798914 -0.2199978 12.1801052 0.0093469 -0.0775084 -0.0005250 0.9969478
277.850700 -1.9957166 -0.2238307 12.2812052 0.0088799 -0.0772960 -0.0032442 0.9969634
278.059100 -2.0132518 -0.2277131 12.3837271 0.0112487 -0.0765690 -0.0066204 0.9969789
278.267400 -2.0299747 -0.2321718 12.4842920 0.0101284 -0.0764525 -0.0072255 0.9969956
278.475700 -2.0463269 -0.2357510 12.5829592 0.0071724 -0.0775058 -0.0057898 0.9969493
278.684000 -2.0637999 -0.2392298 12.6789665 0.0085927 -0.0783182 -0.0058718 0.9968741
278.892200 -2.0788772 -0.2434737 12.7715302 0.0092367 -0.0797623 -0.0068964 0.9967473
279.100400 -2.0944633 -0.2465485 12.8618202 0.0063670 -0.0810884 -0.0069602 0.9966623
279.308600 -2.1096754 -0.2495103 12.9489737 0.0020687 -0.0819115 -0.0074415 0.9966097
279.516900 -2.1245377 -0.2520722 13.0330143 0.0060686 -0.0825023 -0.0078861 0.9965412
279.725100 -2.1394629 -0.2545999 13.1169300 0.0083892 -0.0829791 -0.0068051 0.9964927
279.933500 -2.1537194 -0.2577531 13.2004642 0.0076400 -0.0831251 -0.0068903 0.9964860
280.142000 -2.1681757 -0.2606365 13.2829208 0.0093888 -0.0813618 -0.0090859 0.9965990
280.350400 -2.1824937 -0.2641312 13.3648157 0.0148456 -0.0792043 -0.0119203 0.9966766
280.558800 -2.1959593 -0.2676218 13.4471436 0.0163138 -0.0767355 -0.0143531 0.9968147
280.767200 -2.2090197 -0.2714701 13.5297756 0.0147766 -0.0736917 -0.0154852 0.9970513
280.975600 -2.2209411 -0.2755625 13.6131115 0.0130614 -0.0705478 -0.0135833 0.9973304
281.288100 -2.2395041 -0.2799981 13.7393856 0.0114043 -0.0655904 -0.0132356 0.9976936
281.600700 -2.2573688 -0.2848300 13.8690729 0.0114843 -0.0596723 -0.0155877 0.9980302
281.809300 -2.2677224 -0.2876444 13.9580288 0.0117698 -0.0558487 -0.0140313 0.9982712
282.017600 -2.2778847 -0.2905049 14.0489616 0.0123072 -0.0519220 -0.0120226 0.9985029
282.226000 -2.2876096 -0.2947059 14.1408625 0.0196886 -0.0479857 -0.0110003 0.9985934
282.434500 -2.2963960 -0.2991633 14.2350140 0.0145955 -0.0437861 -0.0118616 0.9988639
282.747000 -2.3091099 -0.3058663 14.3781319 0.0176466 -0.0373406 -0.0119276 0.9990755
282.955500 -2.3164754 -0.3107885 14.4748726 0.0203929 -0.0330953 -0.0120560 0.9991714
283.163700 -2.3226705 -0.3160253 14.5739899 0.0173790 -0.0289659 -0.0122930 0.9993536
283.476400 -2.3313057 -0.3232856 14.7234631 0.0128420 -0.0227767 -0.0109136 0.9995985
283.684800 -2.3359151 -0.3276920 14.8255997 0.0145830 -0.0203122 -0.0079798 0.9996554
283.893000 -2.3409004 -0.3323459 14.9288578 0.0181301 -0.0192434 -0.0080616 0.9996179
284.101200 -2.3458419 -0.3373242 15.0335636 0.0157337 -0.0183157 -0.0084302 0.9996729
284.309500 -2.3501990 -0.3420520 15.1391592 0.0159324 -0.0181748 -0.0068436 0.9996844
284.517700 -2.3546245 -0.3466966 15.2466488 0.0171420 -0.0186201 -0.0063407 0.9996595
284.726000 -2.3593543 -0.3526261 15.3546267 0.0139105 -0.0190064 -0.0055900 0.9997069
284.934100 -2.3642220 -0.3570389 15.4624891 0.0110418 -0.0198968 -0.0050841 0.9997281
285.142400 -2.3698430 -0.3616052 15.5690155 0.0130903 -0.0204933 -0.0049316 0.9996921
285.350500 -2.3753252 -0.3665331 15.6754932 0.0141099 -0.0217659 -0.0064458 0.9996427
285.558700 -2.3809104 -0.3716195 15.7808475 0.0132332 -0.0229922 -0.0069382 0.9996240
285.766900 -2.3870833 -0.3768434 15.8850365 0.0139631 -0.0241839 -0.0086176 0.9995728
285.975100 -2.3935282 -0.3815712 15.9883919 0.0133925 -0.0255963 -0.0094651 0.9995378
286.183400 -2.3997741 -0.3864265 16.0910740 0.0158616 -0.0277771 -0.0086930 0.9994504
286.391500 -2.4065607 -0.3917367 16.1929741 0.0158085 -0.0298538 -0.0052700 0.9994153
286.599700 -2.4138365 -0.3961912 16.2952824 0.0061758 -0.0310114 -0.0065397 0.9994785
286.912200 -2.4258072 -0.4012243 16.4452839 0.0115441 -0.0318392 -0.0131588 0.9993396
287.224600 -2.4374902 -0.4077793 16.5924110 0.0115773 -0.0326625 -0.0179124 0.9992388
287.432900 -2.4447508 -0.4117707 16.6878757 0.0094105 -0.0338896 -0.0192382 0.9991961
