0.000000 -1.0541854 0.0520026 -1.1712127 -0.0013358 -0.0036028 0.0005548 0.9999925
0.104228 -1.0508286 0.0514437 -1.1423724 -0.0009659 -0.0059580 0.0019534 0.9999799
0.208477 -1.0514969 0.0508196 -1.1141037 -0.0002619 -0.0064519 0.0021540 0.9999768
0.938359 -1.0546094 0.0467231 -0.9147290 0.0038378 -0.0117730 0.0052573 0.9999095
1.042605 -1.0541643 0.0458717 -0.8839718 0.0056566 -0.0133019 0.0044667 0.9998856
1.146853 -1.0565968 0.0453788 -0.8541109 0.0076696 -0.0131456 0.0035754 0.9998778
1.772352 -1.0582592 0.0419353 -0.6519101 -0.0002219 -0.0188527 -0.0014191 0.9998212
1.876603 -1.0591905 0.0419422 -0.6159209 0.0027666 -0.0196790 -0.0011764 0.9998018
1.980855 -1.0605153 0.0416692 -0.5789019 0.0018459 -0.0201673 0.0000916 0.9997949
2.189354 -1.0631633 0.0409718 -0.5006347 -0.0065183 -0.0210685 0.0007696 0.9997565
2.293607 -1.0646498 0.0409591 -0.4603199 -0.0076971 -0.0214791 0.0011611 0.9997390
2.397855 -1.0664088 0.0410190 -0.4195892 -0.0072487 -0.0216377 0.0021809 0.9997372
3.023358 -1.0748991 0.0388283 -0.1621313 0.0045025 -0.0208413 0.0034118 0.9997668
3.440232 -1.0837418 0.0350643 0.0289654 0.0064834 -0.0216145 -0.0002977 0.9997453
3.648605 -1.0889540 0.0323488 0.1277135 0.0065274 -0.0218005 -0.0017768 0.9997395
3.856982 -1.0938288 0.0300980 0.2287248 0.0059855 -0.0225013 -0.0023456 0.9997261
4.065354 -1.0992246 0.0272438 0.3311140 0.0043300 -0.0231594 -0.0030065 0.9997179
4.273854 -1.1052709 0.0251026 0.4349049 0.0053899 -0.0234314 -0.0036985 0.9997041
4.482232 -1.1111237 0.0229577 0.5390088 0.0037262 -0.0238995 -0.0035762 0.9997010
4.794755 -1.1187090 0.0190537 0.7009503 0.0002923 -0.0257088 -0.0036426 0.9996628
5.107234 -1.1282746 0.0164105 0.8626423 0.0007434 -0.0269532 -0.0036894 0.9996296
5.315611 -1.1351357 0.0140404 0.9711375 -0.0016246 -0.0278104 -0.0038601 0.9996045
5.628235 -1.1479284 0.0110431 1.1342074 0.0024169 -0.0282300 -0.0061534 0.9995796
5.836733 -1.1558216 0.0087540 1.2424459 0.0012952 -0.0281590 -0.0071610 0.9995770
6.045107 -1.1631392 0.0067406 1.3504841 -0.0004714 -0.0281587 -0.0068217 0.9995801
6.253481 -1.1699440 0.0049867 1.4574419 0.0009492 -0.0278764 -0.0063539 0.9995908
6.461983 -1.1764001 0.0027459 1.5633824 0.0032825 -0.0279607 -0.0060111 0.9995856
6.670359 -1.1830912 0.0000878 1.6698471 0.0058525 -0.0277112 -0.0044400 0.9995890
6.878731 -1.1894279 -0.0025914 1.7767841 0.0018058 -0.0277209 -0.0030982 0.9996093
7.086981 -1.1957481 -0.0047686 1.8830713 -0.0016083 -0.0275630 -0.0016109 0.9996175
7.295357 -1.2024962 -0.0064101 1.9891281 0.0014295 -0.0274265 0.0009104 0.9996224
7.503734 -1.2093797 -0.0087439 2.0951025 0.0056569 -0.0273446 -0.0003852 0.9996100
7.712108 -1.2160926 -0.0116109 2.2016771 0.0042211 -0.0268351 -0.0039572 0.9996231
7.920378 -1.2228088 -0.0140894 2.3088064 0.0028919 -0.0268801 -0.0046703 0.9996236
8.128736 -1.2302817 -0.0162543 2.4169378 0.0018854 -0.0268340 -0.0032654 0.9996328
8.336986 -1.2363870 -0.0185925 2.5227458 -0.0000126 -0.0275258 -0.0020239 0.9996191
8.649487 -1.2461542 -0.0219522 2.6815784 0.0035894 -0.0287515 -0.0018793 0.9995784
8.857735 -1.2544438 -0.0243444 2.7843518 0.0006224 -0.0291573 -0.0036388 0.9995680
9.065987 -1.2617000 -0.0263842 2.8899155 -0.0016459 -0.0298529 -0.0048912 0.9995410
9.274360 -1.2688892 -0.0281541 2.9916351 -0.0003103 -0.0305130 -0.0044626 0.9995244
9.482610 -1.2766064 -0.0306801 3.0934291 -0.0005736 -0.0310867 -0.0037035 0.9995096
9.690863 -1.2825282 -0.0328102 3.1927760 -0.0027998 -0.0321771 -0.0026115 0.9994748
9.899109 -1.2895950 -0.0345284 3.2868114 -0.0033978 -0.0338531 -0.0019194 0.9994192
10.107490 -1.2968626 -0.0362055 3.3771174 -0.0025001 -0.0373728 -0.0014743 0.9992972
10.315740 -1.3043005 -0.0377941 3.4619026 -0.0032787 -0.0406473 -0.0017677 0.9991666
10.524110 -1.3119051 -0.0392096 3.5423243 -0.0046300 -0.0438851 -0.0026607 0.9990223
10.940860 -1.3274660 -0.0417211 3.6865919 -0.0025764 -0.0494727 -0.0061129 0.9987534
11.149240 -1.3352766 -0.0425525 3.7500362 0.0009399 -0.0515707 -0.0083453 0.9986340
11.775110 -1.3509426 -0.0470683 3.9113173 -0.0027561 -0.0397177 -0.0138732 0.9991108
12.192740 -1.3540870 -0.0490543 3.9982860 -0.0018152 -0.0102814 -0.0126580 0.9998654
13.028860 -1.3298389 -0.0533086 4.1437654 0.0070141 0.1146421 -0.0025483 0.9933788
13.551240 -1.2925092 -0.0567705 4.2219410 0.0065485 0.2317282 -0.0023347 0.9727557
13.760010 -1.2722757 -0.0582541 4.2495508 0.0093769 0.2804613 -0.0025098 0.9598163
13.968740 -1.2491904 -0.0595096 4.2756567 0.0124622 0.3308788 -0.0066060 0.9435679
14.177490 -1.2226692 -0.0608852 4.2996631 0.0136245 0.3827674 -0.0082629 0.9237073
14.386120 -1.1919755 -0.0621590 4.3207741 0.0123319 0.4334752 -0.0058583 0.9010621
14.594740 -1.1581353 -0.0636022 4.3394623 0.0100347 0.4839040 -0.0043175 0.8750529
14.803370 -1.1217029 -0.0653959 4.3545914 0.0071646 0.5334030 -0.0034447 0.8458239
15.011990 -1.0823475 -0.0668083 4.3664541 0.0090543 0.5783794 -0.0079349 0.8156791
15.220240 -1.0393136 -0.0685351 4.3752856 0.0124476 0.6151099 -0.0060097 0.7883202
15.428120 -0.9925151 -0.0698396 4.3814678 0.0170644 0.6410096 -0.0024875 0.7673391
15.636010 -0.9416545 -0.0716115 4.3882890 0.0115424 0.6615644 -0.0037781 0.7497900
15.843870 -0.8863441 -0.0734194 4.3925710 0.0086317 0.6788871 -0.0019998 0.7341892
16.051740 -0.8269093 -0.0752589 4.3937564 0.0140857 0.6925994 0.0015435 0.7211832
16.259530 -0.7626944 -0.0765495 4.3951440 0.0167626 0.7016627 -0.0027083 0.7123069
16.467120 -0.6934770 -0.0787482 4.3954825 0.0183841 0.7049034 0.0015463 0.7090634
16.674850 -0.6209575 -0.0810180 4.3965201 0.0178435 0.7040374 0.0024971 0.7099342
16.986490 -0.5035377 -0.0847633 4.3988042 0.0171132 0.7027496 -0.0001000 0.7112314
17.194620 -0.4208218 -0.0874868 4.4009871 0.0157966 0.7022853 -0.0000757 0.7117203
17.402740 -0.3345530 -0.0905648 4.4022269 0.0150102 0.7022818 0.0017064 0.7117387
17.610870 -0.2478215 -0.0933415 4.4038067 0.0128151 0.7030018 0.0014375 0.7110712
17.923370 -0.1134063 -0.0972022 4.4060783 0.0113801 0.7045173 0.0035341 0.7095867
18.235760 0.0244672 -0.1011227 4.4073129 0.0148782 0.7053857 -0.0008729 0.7086670
18.548250 0.1653485 -0.1057721 4.4087715 0.0081100 0.7062789 0.0002115 0.7078872
18.756500 0.2580955 -0.1082699 4.4100633 0.0034549 0.7063453 0.0004168 0.7078589
19.069120 0.3929920 -0.1125963 4.4112039 0.0140492 0.7053643 -0.0052152 0.7086865
19.277500 0.4851475 -0.1159440 4.4120669 0.0109548 0.7045987 0.0010674 0.7095206
19.485910 0.5749442 -0.1188687 4.4134817 0.0102211 0.7045030 0.0020269 0.7096245
19.694390 0.6654657 -0.1213736 4.4150500 0.0091202 0.7055372 -0.0001722 0.7086142
19.902930 0.7539830 -0.1246533 4.4162154 0.0084828 0.7071804 -0.0007521 0.7069819
20.111410 0.8421685 -0.1277548 4.4173326 0.0069876 0.7087007 -0.0017760 0.7054725
20.319990 0.9291565 -0.1306274 4.4170785 0.0066570 0.7100887 -0.0014836 0.7040792
20.528590 1.0148793 -0.1335506 4.4165211 0.0072062 0.7110035 -0.0015880 0.7031497
20.737490 1.1000515 -0.1364351 4.4160376 0.0070726 0.7120465 -0.0002811 0.7020966
20.945510 1.1834432 -0.1392635 4.4156790 0.0054519 0.7129735 -0.0009753 0.7011691
21.153990 1.2635046 -0.1417437 4.4150729 0.0043836 0.7135422 -0.0008589 0.7005980
21.362520 1.3403511 -0.1441935 4.4144173 0.0065549 0.7136223 -0.0024972 0.7004956
21.571010 1.4161830 -0.1466468 4.4139929 0.0069760 0.7137602 -0.0039079 0.7003445
21.779630 1.4923961 -0.1493848 4.4133611 0.0075159 0.7138529 -0.0027976 0.7002497
21.988560 1.5664394 -0.1518133 4.4135308 0.0053968 0.7140308 -0.0053900 0.7000727
22.196780 1.6405154 -0.1543807 4.4123034 0.0056957 0.7142295 -0.0036916 0.6998787
22.405410 1.7141380 -0.1573767 4.4116497 0.0024857 0.7174225 -0.0060932 0.6966072
22.614140 1.7866657 -0.1592764 4.4085317 0.0070615 0.7217106 -0.0063265 0.6921300
22.822680 1.8598657 -0.1619073 4.4051414 0.0059371 0.7262719 -0.0082302 0.6873326
23.031260 1.9345253 -0.1647037 4.4012556 0.0046559 0.7297165 -0.0090735 0.6836737
23.343940 2.0497200 -0.1684818 4.3936896 0.0023444 0.7325181 -0.0063442 0.6807139
23.552380 2.1293647 -0.1707825 4.3885980 0.0010052 0.7336455 -0.0055853 0.6795087
23.865000 2.2500663 -0.1742630 4.3791094 0.0104051 0.7340463 -0.0045985 0.6790041
24.073430 2.3317335 -0.1769703 4.3734455 0.0094169 0.7344890 -0.0048372 0.6785381
24.281890 2.4130602 -0.1802340 4.3670669 0.0081052 0.7343140 -0.0009275 0.6787609
24.490410 2.4941232 -0.1828542 4.3612804 0.0077958 0.7353072 -0.0018432 0.6776866
24.698880 2.5748963 -0.1853951 4.3548050 0.0085304 0.7367229 -0.0015945 0.6761390
24.907380 2.6561019 -0.1880693 4.3484573 0.0084447 0.7381322 -0.0014591 0.6746017
25.220150 2.7793953 -0.1919387 4.3383708 0.0084694 0.7394187 -0.0034005 0.6731840
25.532890 2.9063323 -0.1958925 4.3276377 0.0064689 0.7406260 -0.0027333 0.6718808
25.845770 3.0354671 -0.1995438 4.3160491 0.0053426 0.7426836 -0.0023231 0.6696171
26.158530 3.1675503 -0.2038323 4.3030481 0.0089598 0.7442168 -0.0044650 0.6678631
26.367040 3.2561300 -0.2067128 4.2934914 0.0117764 0.7444123 -0.0051283 0.6675967
26.575550 3.3467321 -0.2102029 4.2839680 0.0123519 0.7442762 -0.0023947 0.6677534
26.888310 3.4841471 -0.2143615 4.2709212 0.0097528 0.7429129 -0.0001162 0.6693170
27.096690 3.5765297 -0.2173995 4.2625561 0.0081258 0.7418719 0.0008839 0.6704919
27.305190 3.6681244 -0.2201154 4.2544188 0.0123826 0.7407657 -0.0022798 0.6716455
27.513640 3.7611725 -0.2233668 4.2465515 0.0114456 0.7397550 -0.0040456 0.6727668
27.722410 3.8546317 -0.2269881 4.2389736 0.0105647 0.7393305 -0.0018606 0.6732572
27.930640 3.9474697 -0.2304094 4.2315440 0.0098013 0.7390568 -0.0024318 0.6735675
28.243410 4.0873179 -0.2351113 4.2190490 0.0118435 0.7381388 0.0008708 0.6745444
28.556140 4.2255383 -0.2397970 4.2089386 0.0091502 0.7377011 -0.0016981 0.6750634
28.764800 4.3163662 -0.2430346 4.2023511 0.0058151 0.7381939 -0.0042462 0.6745501
29.077510 4.4502268 -0.2482685 4.1919594 0.0073872 0.7391053 -0.0081093 0.6735006
29.390270 4.5824423 -0.2539644 4.1813602 0.0097166 0.7399002 -0.0079720 0.6725992
29.598790 4.6688461 -0.2572082 4.1745791 0.0097149 0.7406339 -0.0095199 0.6717711
29.807270 4.7539358 -0.2618079 4.1670876 0.0086375 0.7425675 -0.0102875 0.6696365
30.015910 4.8374333 -0.2655828 4.1593852 0.0094517 0.7449044 -0.0124640 0.6669878
30.224420 4.9197311 -0.2694453 4.1510134 0.0096251 0.7471123 -0.0114525 0.6645294
30.432920 5.0013456 -0.2740241 4.1420527 0.0102213 0.7486013 -0.0146187 0.6627804
30.745760 5.1226745 -0.2806271 4.1285019 0.0142429 0.7513297 -0.0161928 0.6595746
30.954260 5.2033806 -0.2860477 4.1185818 0.0097228 0.7532626 -0.0133597 0.6575122
31.162620 5.2824507 -0.2902721 4.1087718 0.0108212 0.7547897 -0.0170044 0.6556571
31.475390 5.3997540 -0.2971407 4.0944533 0.0159380 0.7572923 -0.0199760 0.6525759
31.788620 5.5143795 -0.3050784 4.0779877 0.0160621 0.7605263 -0.0166059 0.6488960
32.101220 5.6276927 -0.3122655 4.0600381 0.0150993 0.7675127 -0.0157978 0.6406612
32.309930 5.7019882 -0.3170505 4.0459342 0.0153523 0.7748558 -0.0164749 0.6317368
32.518590 5.7747893 -0.3216258 4.0298343 0.0167405 0.7828431 -0.0154536 0.6218019
32.727140 5.8472257 -0.3260128 4.0113616 0.0188372 0.7896690 -0.0128418 0.6131095
32.935760 5.9183469 -0.3307562 3.9918058 0.0222857 0.7950007 -0.0085649 0.6061385
33.144180 5.9895787 -0.3346224 3.9717464 0.0227900 0.7985702 -0.0065365 0.6014345
33.352510 6.0599499 -0.3384530 3.9507694 0.0254041 0.7996488 0.0003510 0.5999302
33.560850 6.1288791 -0.3423137 3.9313197 0.0278613 0.7999977 0.0005550 0.5993556
33.769250 6.1964693 -0.3458126 3.9119186 0.0296195 0.7993400 0.0001115 0.6001486
33.977780 6.2634616 -0.3496104 3.8929551 0.0290887 0.7982762 0.0031178 0.6015805
34.185940 6.3284917 -0.3531086 3.8753090 0.0306787 0.7971971 0.0026699 0.6029332
34.394020 6.3930793 -0.3566065 3.8580182 0.0318181 0.7942401 0.0033929 0.6067609
34.602300 6.4571462 -0.3601615 3.8416860 0.0311544 0.7910755 0.0054432 0.6109005
34.810660 6.5188227 -0.3633863 3.8262432 0.0309071 0.7885482 0.0067917 0.6141582
35.019540 6.5801749 -0.3660943 3.8110890 0.0314420 0.7861360 0.0099656 0.6171728
35.227510 6.6400161 -0.3696013 3.7969544 0.0300940 0.7838552 0.0087911 0.6201516
35.539930 6.7283821 -0.3737709 3.7777164 0.0334945 0.7784969 0.0066177 0.6267191
35.748270 6.7869015 -0.3769605 3.7670705 0.0310711 0.7724271 0.0062962 0.6343117
35.956520 6.8445020 -0.3799214 3.7576380 0.0308572 0.7640622 0.0075737 0.6443597
36.164640 6.9016809 -0.3829877 3.7508326 0.0301981 0.7529706 0.0073467 0.6573198
36.476890 6.9869170 -0.3874214 3.7460394 0.0273741 0.7311809 0.0032391 0.6816264
36.685150 7.0427690 -0.3903916 3.7464688 0.0242793 0.7173905 -0.0020046 0.6962451
36.998010 7.1259618 -0.3949895 3.7491865 0.0145555 0.7081090 -0.0089057 0.7058969
37.311660 7.2071867 -0.3991364 3.7478971 0.0080727 0.7193977 -0.0094189 0.6944876
37.520670 7.2604156 -0.4016855 3.7440915 0.0089581 0.7278553 -0.0072870 0.6856335
37.834140 7.3360987 -0.4050495 3.7371490 0.0064552 0.7440552 -0.0082219 0.6680363
38.147940 7.4090638 -0.4085968 3.7253060 0.0053180 0.7585227 -0.0056801 0.6516001
38.460120 7.4825039 -0.4114812 3.7108390 0.0060819 0.7704599 -0.0045062 0.6374435
38.772660 7.5514221 -0.4143592 3.6953342 0.0093334 0.7775074 -0.0031942 0.6287964
39.085300 7.6217079 -0.4169624 3.6790841 0.0091326 0.7791415 -0.0012295 0.6267803
39.397920 7.6910572 -0.4193016 3.6633880 0.0105411 0.7813151 -0.0026954 0.6240419
39.710790 7.7629538 -0.4216147 3.6467779 0.0094163 0.7861288 -0.0034085 0.6179816
40.023700 7.8380613 -0.4242338 3.6268368 0.0116616 0.7914708 -0.0027084 0.6110898
40.336550 7.9161477 -0.4269156 3.6046598 0.0144718 0.7964450 -0.0020244 0.6045343
40.649320 7.9964333 -0.4298249 3.5811577 0.0143042 0.8003743 -0.0001276 0.5993298
40.962050 8.0782509 -0.4324110 3.5559239 0.0141945 0.8025980 0.0053393 0.5963274
41.274690 8.1596651 -0.4349388 3.5312867 0.0145716 0.8027056 0.0048198 0.5961779
41.587170 8.2394409 -0.4373537 3.5071149 0.0152542 0.8007831 0.0048940 0.5987401
41.899560 8.3178740 -0.4396906 3.4851434 0.0175025 0.7979921 0.0041599 0.6023995
42.524580 8.4588432 -0.4447463 3.4474514 0.0152494 0.7885070 0.0100895 0.6147540
42.836790 8.5190907 -0.4467132 3.4346726 0.0142614 0.7776672 0.0101853 0.6284319
43.148930 8.5763016 -0.4482942 3.4260542 0.0174859 0.7587478 0.0065227 0.6511171
43.773070 8.6858673 -0.4512413 3.4280062 0.0065727 0.6973024 0.0019113 0.7167444
43.981040 8.7214918 -0.4523157 3.4328673 0.0034331 0.6742282 0.0035478 0.7385066
44.189150 8.7558699 -0.4532009 3.4401209 0.0020867 0.6488767 0.0038156 0.7608812
44.397150 8.7897215 -0.4538496 3.4501524 0.0033208 0.6202251 0.0021671 0.7844139
44.605140 8.8238249 -0.4542747 3.4633679 0.0048576 0.5874446 0.0007599 0.8092495
44.813580 8.8570490 -0.4553154 3.4811218 0.0043547 0.5502351 -0.0053311 0.8349814
45.229310 8.9229422 -0.4577278 3.5267713 0.0115673 0.4667841 -0.0042656 0.8842853
45.437440 8.9569988 -0.4593492 3.5580354 0.0084102 0.4228874 -0.0062862 0.9061214
45.645680 8.9899797 -0.4613719 3.5946298 0.0063578 0.3777975 -0.0076829 0.9258345
45.853900 9.0232897 -0.4628663 3.6376026 0.0067605 0.3337976 -0.0067425 0.9425964
46.271110 9.0860252 -0.4657530 3.7409701 0.0049203 0.2588445 -0.0064431 0.9658850
46.479940 9.1163158 -0.4666913 3.8027990 0.0019310 0.2312541 -0.0062916 0.9728711
46.688930 9.1455259 -0.4677405 3.8694394 0.0000660 0.2110412 -0.0040156 0.9774689
46.897820 9.1752234 -0.4687949 3.9405298 0.0005896 0.1932754 0.0003266 0.9811443
47.106530 9.2026682 -0.4699214 4.0162959 0.0011435 0.1759044 0.0017555 0.9844050
47.315280 9.2290678 -0.4708327 4.0969677 0.0011677 0.1606832 0.0013234 0.9870045
47.524300 9.2544174 -0.4722287 4.1807928 -0.0006582 0.1542472 -0.0015921 0.9880308
47.733280 9.2806568 -0.4732853 4.2671084 -0.0012543 0.1534168 -0.0015997 0.9881595
47.942180 9.3091469 -0.4747080 4.3565769 -0.0000142 0.1533793 0.0006809 0.9881672
48.150840 9.3389149 -0.4760867 4.4498954 0.0003050 0.1536517 0.0010615 0.9881244
48.359390 9.3690453 -0.4772474 4.5458064 -0.0017128 0.1546450 0.0015117 0.9879675
48.567920 9.3997765 -0.4787893 4.6431746 -0.0022757 0.1554914 0.0027301 0.9878308
48.776450 9.4310665 -0.4799869 4.7396765 -0.0021919 0.1557682 0.0043414 0.9877816
48.985000 9.4630861 -0.4818706 4.8381371 -0.0044632 0.1560245 0.0060636 0.9877245
49.193280 9.4949198 -0.4828874 4.9360766 -0.0037593 0.1559241 0.0078083 0.9877310
49.505980 9.5427961 -0.4843902 5.0835238 -0.0020159 0.1547439 0.0084682 0.9879162
49.818560 9.5883608 -0.4860096 5.2299652 -0.0028357 0.1532134 0.0082161 0.9881549
50.131080 9.6336956 -0.4877747 5.3767505 -0.0026373 0.1509370 0.0079560 0.9885079
50.443670 9.6782312 -0.4895010 5.5220323 -0.0040787 0.1481906 0.0094900 0.9889049
50.756210 9.7196417 -0.4907438 5.6649079 -0.0037944 0.1453334 0.0104069 0.9893208
51.068710 9.7587233 -0.4915935 5.8044634 -0.0060463 0.1423486 0.0113481 0.9897330
51.382890 9.7956324 -0.4922333 5.9380922 -0.0041306 0.1389082 0.0112722 0.9902325
51.693900 9.8280792 -0.4943393 6.0605435 -0.0028856 0.1353646 0.0101272 0.9907399
52.006530 9.8585920 -0.4951327 6.1765919 -0.0069415 0.1292085 0.0102681 0.9915400
52.319330 9.8831053 -0.4965881 6.2796545 -0.0056316 0.1242433 0.0087079 0.9921976
52.632080 9.9050884 -0.4983168 6.3731422 -0.0033939 0.1223627 0.0060322 0.9924613
52.944900 9.9239969 -0.4998274 6.4560523 -0.0014694 0.1212562 0.0052718 0.9926062
53.257570 9.9409246 -0.5011795 6.5331860 -0.0016061 0.1169088 0.0056920 0.9931250
53.570100 9.9551973 -0.5027195 6.6078105 -0.0013026 0.1011757 0.0085015 0.9948314
53.985990 9.9634790 -0.5046880 6.7011881 -0.0014112 0.0527563 0.0069553 0.9985822
54.297670 9.9603443 -0.5056070 6.7683010 -0.0044234 -0.0019330 0.0048297 0.9999767
54.609440 9.9479361 -0.5063055 6.8315945 -0.0059219 -0.0678376 -0.0029389 0.9976745
54.921310 9.9275522 -0.5059401 6.8909206 -0.0108612 -0.1432661 -0.0047414 0.9896132
55.337310 9.8841333 -0.5056709 6.9635835 -0.0161591 -0.2530283 -0.0086391 0.9672853
55.441330 9.8710642 -0.5053621 6.9798150 -0.0163148 -0.2814279 -0.0105546 0.9593856
55.545500 9.8568239 -0.5048934 6.9952722 -0.0163339 -0.3093849 -0.0111627 0.9507311
55.649410 9.8419456 -0.5045367 7.0098433 -0.0177542 -0.3375517 -0.0101875 0.9410844
55.857760 9.8095083 -0.5030943 7.0363750 -0.0208123 -0.3926037 -0.0087182 0.9194309
56.066000 9.7730913 -0.5015671 7.0593085 -0.0231331 -0.4459974 -0.0087614 0.8946924
56.274310 9.7328987 -0.5002313 7.0774655 -0.0219977 -0.4958987 -0.0123156 0.8680144
56.482840 9.6898623 -0.4985237 7.0923257 -0.0185125 -0.5433971 -0.0147176 0.8391426
56.691300 9.6461840 -0.4970258 7.1032038 -0.0161155 -0.5850827 -0.0154114 0.8106671
56.900200 9.6000357 -0.4953302 7.1111307 -0.0124918 -0.6190643 -0.0172981 0.7850504
57.109200 9.5562096 -0.4930401 7.1158123 -0.0152216 -0.6439124 -0.0125951 0.7648441
57.945060 9.3356581 -0.4845475 7.1260448 -0.0158993 -0.6985284 -0.0079634 0.7153614
58.153820 9.2710323 -0.4828422 7.1244397 -0.0164622 -0.7096052 -0.0108587 0.7043235
58.362580 9.2014389 -0.4806365 7.1202335 -0.0144344 -0.7186726 -0.0150725 0.6950354
58.676060 9.0901279 -0.4772347 7.1116328 -0.0132024 -0.7241490 -0.0172879 0.6893004
58.989420 8.9694538 -0.4736238 7.1020856 -0.0081408 -0.7247244 -0.0216834 0.6886495
59.198420 8.8841848 -0.4710393 7.0966206 -0.0046243 -0.7196537 -0.0253769 0.6938539
59.512300 8.7561007 -0.4700624 7.0858526 -0.0035646 -0.7088689 -0.0275051 0.7047947
59.720720 8.6615276 -0.4675112 7.0858665 -0.0017607 -0.7019434 -0.0289843 0.7116406
60.033570 8.5062590 -0.4647972 7.0824585 -0.0022829 -0.6890465 -0.0318768 0.7240121
60.242110 8.4035645 -0.4610963 7.0904717 -0.0033688 -0.6830144 -0.0332491 0.7296399
60.554790 8.2460461 -0.4559125 7.1018777 -0.0040620 -0.6747149 -0.0334952 0.7373068
60.867330 8.0832376 -0.4495978 7.1132703 -0.0034023 -0.6713133 -0.0324386 0.7404557
61.179820 7.9215407 -0.4450505 7.1272378 -0.0023062 -0.6698283 -0.0326530 0.7417941
61.492290 7.7606316 -0.4399517 7.1423092 -0.0019394 -0.6691626 -0.0330452 0.7423784
61.805110 7.6024547 -0.4356282 7.1575155 -0.0007519 -0.6697647 -0.0328434 0.7418463
62.117440 7.4448390 -0.4312557 7.1721706 -0.0013066 -0.6706541 -0.0350062 0.7409426
62.429920 7.2913628 -0.4263152 7.1865120 -0.0012409 -0.6711735 -0.0356677 0.7404407
62.742660 7.1383696 -0.4216399 7.2007370 -0.0011964 -0.6701667 -0.0365143 0.7413110
63.055520 6.9877620 -0.4174292 7.2171178 -0.0010296 -0.6688150 -0.0362221 0.7425452
63.368170 6.8378391 -0.4128027 7.2316856 -0.0004269 -0.6680748 -0.0357247 0.7432359
63.785050 6.6409378 -0.4066364 7.2527261 -0.0014619 -0.6672446 -0.0359990 0.7439668
63.993600 6.5424542 -0.4035507 7.2631302 -0.0010826 -0.6672037 -0.0347176 0.7440650
64.202080 6.4441042 -0.4008936 7.2731190 0.0000086 -0.6668231 -0.0334336 0.7444656
64.410540 6.3437819 -0.3982903 7.2838197 -0.0003187 -0.6662361 -0.0337732 0.7449757
64.619620 6.2451744 -0.3951313 7.2947412 -0.0006158 -0.6657011 -0.0336034 0.7454613
64.827560 6.1449003 -0.3922011 7.3065557 -0.0028672 -0.6650333 -0.0325283 0.7460995
65.244430 5.9417210 -0.3857880 7.3290758 -0.0018773 -0.6639656 -0.0301256 0.7471536
65.453010 5.8397112 -0.3828634 7.3401537 -0.0007570 -0.6641111 -0.0310508 0.7469884
65.765550 5.6856747 -0.3780362 7.3565507 -0.0025780 -0.6674028 -0.0301791 0.7440807
65.973960 5.5815287 -0.3751097 7.3664665 -0.0025690 -0.6709470 -0.0304947 0.7408736
66.390840 5.3729658 -0.3683570 7.3833389 -0.0014956 -0.6778116 -0.0317467 0.7345484
66.703570 5.2164173 -0.3643356 7.3956914 0.0004355 -0.6794844 -0.0289853 0.7331170
66.911930 5.1107512 -0.3619000 7.4035029 -0.0026147 -0.6801445 -0.0280705 0.7325358
67.120480 5.0050402 -0.3593735 7.4103684 -0.0056681 -0.6806836 -0.0300147 0.7319404
67.328970 4.8983870 -0.3561260 7.4177465 -0.0059065 -0.6810719 -0.0316102 0.7315101
68.058600 4.5309124 -0.3436318 7.4414968 -0.0033601 -0.6826354 -0.0308677 0.7300991
68.266970 4.4261837 -0.3402680 7.4483519 -0.0029499 -0.6828922 -0.0309992 0.7298552
68.683820 4.2197003 -0.3344765 7.4622183 -0.0034098 -0.6829979 -0.0312917 0.7297418
68.892240 4.1161165 -0.3315617 7.4693236 -0.0029058 -0.6831582 -0.0315177 0.7295842
69.100450 4.0125885 -0.3283930 7.4756460 -0.0024324 -0.6831886 -0.0318108 0.7295448
69.413100 3.8584752 -0.3239589 7.4850821 -0.0033967 -0.6836006 -0.0337292 0.7290686
69.621360 3.7564878 -0.3205940 7.4920135 -0.0028882 -0.6842868 -0.0336107 0.7284322
69.933920 3.6030326 -0.3163576 7.5012908 0.0001289 -0.6850435 -0.0353832 0.7276424
70.871920 3.1668353 -0.3016777 7.5277300 0.0005188 -0.6793327 -0.0384184 0.7328239
71.082350 3.0672956 -0.2986211 7.5352950 0.0019601 -0.6782299 -0.0378933 0.7338695
71.601510 2.8205278 -0.2920499 7.5540795 0.0011471 -0.6775084 -0.0353536 0.7346640
71.809460 2.7202342 -0.2896496 7.5618401 0.0003379 -0.6781911 -0.0341953 0.7340895
72.330290 2.4714222 -0.2816377 7.5795207 -0.0029194 -0.6798804 -0.0351901 0.7324723
72.538690 2.3713415 -0.2786550 7.5867033 -0.0002466 -0.6797993 -0.0306587 0.7327570
72.851340 2.2197270 -0.2744281 7.5962124 -0.0047568 -0.6802415 -0.0326501 0.7322450
73.163840 2.0685732 -0.2694902 7.6060343 -0.0058666 -0.6829718 -0.0320131 0.7297193
73.372080 1.9676054 -0.2656548 7.6092601 -0.0077141 -0.6852168 -0.0307935 0.7276471
73.580420 1.8659127 -0.2620238 7.6142421 -0.0073141 -0.6876740 -0.0298503 0.7253688
73.892960 1.7113612 -0.2570315 7.6144047 -0.0073472 -0.6898947 -0.0292315 0.7232820
74.205580 1.5600387 -0.2520937 7.6149526 -0.0075179 -0.6911740 -0.0320117 0.7219400
74.414060 1.4579161 -0.2481923 7.6156836 -0.0069840 -0.6913806 -0.0313280 0.7217774
74.622500 1.3569862 -0.2445334 7.6185079 -0.0072172 -0.6921192 -0.0305350 0.7211009
75.039180 1.1574765 -0.2366373 7.6136675 -0.0087493 -0.6932400 -0.0299543 0.7200309
75.247560 1.0590343 -0.2333325 7.6141553 -0.0087024 -0.6943211 -0.0300009 0.7189870
75.456060 0.9597508 -0.2297511 7.6137590 -0.0086001 -0.6961116 -0.0269380 0.7173765
75.664210 0.8627321 -0.2273583 7.6160479 -0.0075170 -0.6988313 -0.0233596 0.7148654
75.872440 0.7628248 -0.2243745 7.6136060 -0.0106458 -0.7004746 -0.0234058 0.7132139
76.080700 0.6675179 -0.2219269 7.6141310 -0.0124762 -0.7021577 -0.0248575 0.7114781
76.497460 0.4786136 -0.2146350 7.6084495 -0.0132878 -0.7027950 -0.0263584 0.7107797
76.706270 0.3853655 -0.2113326 7.6069565 -0.0133842 -0.7033561 -0.0265532 0.7102154
76.914470 0.2948694 -0.2080861 7.6014214 -0.0135455 -0.7037404 -0.0262028 0.7098446
77.122590 0.2043493 -0.2047714 7.5972199 -0.0138301 -0.7044401 -0.0274467 0.7090977
77.330800 0.1151278 -0.2014648 7.5931950 -0.0135104 -0.7057356 -0.0282354 0.7077835
77.539210 0.0273225 -0.1984490 7.5922084 -0.0131304 -0.7081971 -0.0280663 0.7053345
77.747630 -0.0606959 -0.1953804 7.5857959 -0.0126722 -0.7089382 -0.0284184 0.7045838
77.955810 -0.1450683 -0.1921645 7.5837922 -0.0124091 -0.7104835 -0.0290070 0.7030063
78.164320 -0.2272768 -0.1889248 7.5787940 -0.0119391 -0.7110392 -0.0308695 0.7023730
78.372790 -0.3064425 -0.1858764 7.5760269 -0.0110200 -0.7106112 -0.0316076 0.7027882
78.581420 -0.3863922 -0.1823702 7.5724797 -0.0092218 -0.7085179 -0.0316024 0.7049245
79.415550 -0.6646858 -0.1648827 7.5287919 -0.0068843 -0.6955352 -0.0311760 0.7177823
79.624080 -0.7296000 -0.1629606 7.5273991 -0.0071126 -0.6937612 -0.0310521 0.7195002
80.041060 -0.8625932 -0.1575331 7.5279403 -0.0084715 -0.6917964 -0.0311073 0.7213725
80.249580 -0.9241757 -0.1544892 7.5270853 -0.0088858 -0.6887318 -0.0311741 0.7242911
80.458240 -0.9831554 -0.1515533 7.5311627 -0.0090570 -0.6876398 -0.0308001 0.7253419
82.757770 -1.4087480 -0.1335696 7.5786672 -0.0099801 -0.5692550 -0.0153347 0.8219574
83.588800 -1.5148686 -0.1310772 7.6462469 -0.0059359 -0.4496313 -0.0118326 0.8931162
84.006450 -1.5554198 -0.1298633 7.6904354 -0.0021216 -0.3733689 -0.0064943 0.9276578
84.423690 -1.5922797 -0.1312041 7.7440462 -0.0031672 -0.2886085 -0.0068302 0.9574176
84.632280 -1.6087062 -0.1320346 7.7756534 0.0000811 -0.2463499 -0.0074084 0.9691526
84.840760 -1.6226991 -0.1324882 7.8129816 0.0029124 -0.2055518 -0.0097501 0.9785933
86.089690 -1.6852156 -0.1497967 8.1248693 0.0048699 -0.0140450 -0.0069439 0.9998654
86.297530 -1.6835518 -0.1503601 8.1951075 0.0040167 -0.0075172 -0.0040721 0.9999554
86.712810 -1.6840200 -0.1509755 8.3478880 0.0041831 -0.0074410 -0.0008022 0.9999632
87.128650 -1.6867408 -0.1543872 8.5082474 0.0067345 -0.0140254 0.0006872 0.9998787
87.336860 -1.6899086 -0.1560434 8.5899611 0.0052514 -0.0159430 -0.0000080 0.9998591
87.857180 -1.6972122 -0.1605820 8.7982063 0.0032917 -0.0183680 -0.0040948 0.9998175
88.065680 -1.6998179 -0.1623777 8.8830032 0.0018793 -0.0193761 -0.0047543 0.9997992
88.377940 -1.7033206 -0.1642002 9.0122099 0.0007516 -0.0217756 -0.0045598 0.9997522
88.690450 -1.7084798 -0.1649702 9.1383476 -0.0017345 -0.0242504 -0.0029899 0.9997000
89.003140 -1.7117534 -0.1654488 9.2683849 -0.0023087 -0.0279760 -0.0020817 0.9996037
89.941180 -1.7238554 -0.1648551 9.6410742 -0.0004439 -0.0319238 -0.0028352 0.9994862
90.253860 -1.7288131 -0.1666927 9.7502728 0.0003073 -0.0347415 -0.0036176 0.9993898
90.462220 -1.7330942 -0.1680115 9.8149185 -0.0020039 -0.0373151 -0.0038934 0.9992940
90.774680 -1.7399627 -0.1693697 9.9043169 -0.0005681 -0.0422972 -0.0037209 0.9990980
91.609100 -1.7486426 -0.1739513 10.1058588 0.0005147 -0.0320972 -0.0060911 0.9994661
91.817860 -1.7499584 -0.1750427 10.1504116 0.0007372 -0.0147863 -0.0072915 0.9998638
92.026880 -1.7484461 -0.1763310 10.1940308 0.0027520 0.0067994 -0.0066244 0.9999511
92.444850 -1.7329346 -0.1788119 10.2785406 0.0080531 0.0666922 -0.0068803 0.9977174
93.176360 -1.6804800 -0.1838791 10.4116526 0.0080497 0.2080695 0.0057176 0.9780642
93.385200 -1.6608343 -0.1851386 10.4435358 0.0135537 0.2533105 0.0032286 0.9672847
93.594110 -1.6363152 -0.1864618 10.4735022 0.0182509 0.2983793 0.0076689 0.9542421
93.802820 -1.6094424 -0.1873394 10.5050144 0.0200347 0.3463792 0.0022147 0.9378780
94.011550 -1.5797166 -0.1903773 10.5359335 0.0133832 0.3935965 -0.0086665 0.9191450
94.220100 -1.5436145 -0.1926804 10.5616417 0.0180830 0.4404816 -0.0036362 0.8975721
94.428710 -1.5014075 -0.1941307 10.5868187 0.0214213 0.4873911 -0.0051952 0.8729056
94.639870 -1.4531137 -0.1972451 10.6139011 0.0139005 0.5328012 -0.0139484 0.8460113
95.262120 -1.2464925 -0.2121019 10.7152596 0.0142088 0.6436322 -0.0137083 0.7650802
95.469850 -1.1913458 -0.2173526 10.7138128 0.0091104 0.6618963 -0.0116538 0.7494494
95.677890 -1.1323519 -0.2224642 10.7073269 0.0071562 0.6768506 -0.0131537 0.7359681
95.885910 -1.0690284 -0.2280049 10.6985950 0.0110380 0.6894149 -0.0105595 0.7242056
96.093730 -1.0106630 -0.2381877 10.6741152 0.0094146 0.6953614 -0.0044181 0.7185850
96.301480 -0.9209240 -0.2441681 10.6725979 0.0082831 0.7050765 -0.0023804 0.7090789
96.509210 -0.8463867 -0.2555590 10.6368666 0.0133931 0.7004082 0.0047656 0.7136009
96.717080 -0.7599137 -0.2487268 10.6766596 0.0126727 0.7126496 0.0017155 0.7014036
96.924880 -0.6728866 -0.2514432 10.6778135 0.0121037 0.7138083 0.0012966 0.7002354
97.132730 -0.5849544 -0.2538843 10.6780195 0.0124220 0.7147070 0.0045051 0.6992991
97.340580 -0.4964335 -0.2565523 10.6779089 0.0117137 0.7131546 0.0063763 0.7008799
97.548460 -0.4066145 -0.2595664 10.6773491 0.0136610 0.7105921 0.0062469 0.7034438
97.756480 -0.3160916 -0.2626637 10.6786213 0.0127737 0.7083946 0.0070221 0.7056661
97.964520 -0.2247439 -0.2663684 10.6802139 0.0138335 0.7062167 0.0062165 0.7078333
98.173950 -0.1326643 -0.2689553 10.6823864 0.0130158 0.7046403 0.0046668 0.7094300
98.380720 -0.0408144 -0.2714138 10.6850128 0.0088888 0.7034614 0.0036528 0.7106685
98.588990 0.0513382 -0.2742713 10.6877928 0.0083516 0.7024529 0.0008055 0.7116808
98.901370 0.1915423 -0.2789742 10.6917553 0.0072061 0.7021337 0.0007217 0.7120083
99.109590 0.2828405 -0.2816423 10.6934195 0.0074432 0.7022854 0.0020453 0.7118537
99.422060 0.4196555 -0.2856690 10.6969337 0.0063205 0.7028910 0.0014848 0.7112679
99.734760 0.5545332 -0.2891996 10.7011509 0.0037512 0.7054661 -0.0001885 0.7087337
100.047200 0.6906866 -0.2921669 10.7030506 -0.0016866 0.7073691 0.0015351 0.7068407
100.359800 0.8221219 -0.2942988 10.7042341 0.0015234 0.7077096 0.0003384 0.7065017
100.672200 0.9549427 -0.2962746 10.7088766 0.0037405 0.7082616 0.0000735 0.7059402
100.985100 1.0847540 -0.2975841 10.7109604 0.0014188 0.7096101 -0.0000781 0.7045931
101.297200 1.2126021 -0.2996202 10.7133751 0.0003232 0.7113454 -0.0004722 0.7028424
101.609900 1.3389870 -0.3016051 10.7134657 0.0014951 0.7110996 0.0006057 0.7030894
101.922300 1.4641104 -0.3030859 10.7155886 -0.0024238 0.7104076 0.0001083 0.7037863
102.234900 1.5870701 -0.3054106 10.7166128 -0.0006335 0.7104130 -0.0025556 0.7037801
102.547400 1.7078171 -0.3070501 10.7156582 0.0000147 0.7103978 0.0003313 0.7038003
102.964100 1.8640547 -0.3102500 10.7167997 0.0099847 0.7098050 -0.0048295 0.7043110
103.276500 1.9798822 -0.3137220 10.7185450 0.0045396 0.7077661 -0.0008676 0.7064317
103.589200 2.0942943 -0.3161881 10.7208176 0.0006008 0.7069833 -0.0038583 0.7072195
103.901800 2.2067239 -0.3186545 10.7226086 -0.0003330 0.7084287 -0.0062357 0.7057548
104.214400 2.3160045 -0.3216065 10.7226963 -0.0002958 0.7098277 -0.0041825 0.7043629
104.526700 2.4222515 -0.3240039 10.7233257 -0.0012535 0.7093304 -0.0048741 0.7048582
104.839200 2.5259118 -0.3263319 10.7243509 0.0009115 0.7086794 -0.0075771 0.7054894
105.151800 2.6286619 -0.3289041 10.7252045 -0.0010603 0.7083681 -0.0078405 0.7057988
105.464400 2.7301664 -0.3311668 10.7250223 0.0005385 0.7094160 -0.0049820 0.7047722
105.881400 2.8617861 -0.3337589 10.7242937 0.0005315 0.7133539 -0.0053459 0.7007833
106.298500 2.9981017 -0.3370472 10.7203407 0.0017803 0.7214035 -0.0095902 0.6924462
106.611300 3.1054163 -0.3396927 10.7147427 0.0028398 0.7274315 -0.0085859 0.6861207
106.924000 3.2161796 -0.3423519 10.7067442 -0.0000703 0.7330067 -0.0072320 0.6801830
107.236600 3.3308058 -0.3452903 10.6969709 0.0043393 0.7386160 -0.0076145 0.6740693
107.549200 3.4523683 -0.3477846 10.6841784 0.0053586 0.7427212 -0.0045576 0.6695638
107.861600 3.5806987 -0.3505707 10.6700153 0.0051217 0.7447439 0.0004931 0.6673305
108.174000 3.7159412 -0.3531219 10.6554623 0.0090625 0.7445107 0.0009584 0.6675484
108.590400 3.9058135 -0.3569534 10.6334610 0.0142203 0.7402966 0.0062730 0.6721007
108.798500 4.0048137 -0.3589130 10.6238403 0.0147025 0.7368686 0.0087003 0.6758201
109.110700 4.1571317 -0.3621147 10.6109409 0.0159816 0.7311205 0.0078175 0.6820164
109.318900 4.2611928 -0.3645497 10.6050606 0.0143366 0.7276376 0.0082350 0.6857625
109.527200 4.3641691 -0.3674836 10.5991373 0.0186154 0.7252693 0.0030334 0.6882069
109.839600 4.5222797 -0.3732206 10.5929260 0.0171966 0.7238572 0.0064362 0.6897055
110.047800 4.6258407 -0.3758936 10.5886774 0.0159375 0.7228062 0.0099833 0.6907948
110.256100 4.7307777 -0.3796210 10.5842571 0.0154372 0.7219051 0.0103944 0.6917418
110.465500 4.8346791 -0.3829982 10.5816221 0.0176265 0.7210537 0.0080341 0.6926083
110.672600 4.9386134 -0.3861135 10.5785255 0.0169651 0.7198199 0.0089100 0.6938964
110.881000 5.0436373 -0.3901775 10.5784330 0.0178081 0.7187303 0.0062249 0.6950330
111.089200 5.1466260 -0.3933050 10.5770350 0.0167348 0.7168598 0.0066986 0.6969843
111.297500 5.2493305 -0.3968136 10.5758047 0.0143760 0.7142758 0.0085027 0.6996650
111.505700 5.3495626 -0.3999738 10.5767727 0.0137772 0.7125286 0.0067614 0.7014751
111.714100 5.4507599 -0.4032231 10.5792027 0.0088386 0.7114982 0.0047694 0.7026162
111.922300 5.5518951 -0.4066630 10.5829401 0.0067123 0.7116331 0.0015234 0.7025176
112.130600 5.6479058 -0.4102873 10.5846643 0.0087692 0.7116299 -0.0014500 0.7024983
112.338800 5.7448387 -0.4138493 10.5855942 0.0112830 0.7114769 -0.0019202 0.7026162
112.547100 5.8416200 -0.4172313 10.5861797 0.0079863 0.7116492 0.0002955 0.7024896
112.755500 5.9374928 -0.4204603 10.5898447 0.0055319 0.7135459 -0.0012704 0.7005855
112.964100 6.0308909 -0.4234131 10.5901489 0.0048248 0.7150646 -0.0018290 0.6990393
113.172100 6.1258416 -0.4263780 10.5921926 0.0033622 0.7185015 -0.0027113 0.6955120
113.380300 6.2200451 -0.4299764 10.5923462 0.0035557 0.7208879 -0.0047804 0.6930261
113.588800 6.3137345 -0.4339290 10.5920124 0.0056127 0.7241251 -0.0032157 0.6896383
113.797100 6.4072561 -0.4367478 10.5908499 0.0060886 0.7292041 -0.0020490 0.6842661
114.005500 6.4980946 -0.4402854 10.5922508 0.0049762 0.7362077 0.0012461 0.6767362
114.213900 6.5837369 -0.4436209 10.5915651 0.0043010 0.7426850 0.0014251 0.6696256
114.423500 6.6728787 -0.4466003 10.5849094 0.0055579 0.7486062 0.0033257 0.6629832
114.630800 6.7610126 -0.4502648 10.5774250 0.0080556 0.7550737 0.0036151 0.6555804
114.943300 6.8956370 -0.4549237 10.5728111 0.0127460 0.7663535 0.0087102 0.6422336
115.255800 7.0324421 -0.4591658 10.5576687 0.0190928 0.7723503 0.0151315 0.6347294
115.463800 7.1238837 -0.4627111 10.5450182 0.0242732 0.7727669 0.0174586 0.6339852
115.775900 7.2663112 -0.4676070 10.5269403 0.0299310 0.7690305 0.0216897 0.6381425
115.983800 7.3631802 -0.4703016 10.5141783 0.0295693 0.7647368 0.0282988 0.6430416
116.191900 7.4588017 -0.4727303 10.5034332 0.0323740 0.7612441 0.0289619 0.6470089
116.400000 7.5527215 -0.4757443 10.4945698 0.0364175 0.7583804 0.0264636 0.6502559
116.608000 7.6418805 -0.4797722 10.4909468 0.0344250 0.7544743 0.0271848 0.6548622
116.920200 7.7836499 -0.4856140 10.4963903 0.0334462 0.7506434 0.0289874 0.6592235
117.128700 7.8806686 -0.4892060 10.4901152 0.0343280 0.7487190 0.0257709 0.6614963
117.337000 7.9756379 -0.4923386 10.4833279 0.0338979 0.7485018 0.0268524 0.6617211
117.545500 8.0694914 -0.4949783 10.4781475 0.0291287 0.7481773 0.0309384 0.6621368
117.753800 8.1538172 -0.4968545 10.4717083 0.0318283 0.7474524 0.0303211 0.6628594
117.962300 8.2375212 -0.4994953 10.4659586 0.0336903 0.7476949 0.0260959 0.6626736
118.170700 8.3279428 -0.5024074 10.4622946 0.0329806 0.7483866 0.0256442 0.6619458
118.379200 8.4124308 -0.5054007 10.4570007 0.0297839 0.7498667 0.0277912 0.6603336
118.587700 8.4926834 -0.5087962 10.4541674 0.0289217 0.7512566 0.0322425 0.6585875
118.796200 8.5694818 -0.5107484 10.4474859 0.0324130 0.7520404 0.0298631 0.6576419
119.005100 8.6461611 -0.5129606 10.4393883 0.0363011 0.7510465 0.0279974 0.6586559
119.212900 8.7238436 -0.5157447 10.4324436 0.0317348 0.7489112 0.0287511 0.6612853
119.421900 8.8037720 -0.5177524 10.4275055 0.0304514 0.7461002 0.0295685 0.6644794
119.629500 8.8804140 -0.5208499 10.4240599 0.0305680 0.7441853 0.0279889 0.6666862
119.837900 8.9569979 -0.5228388 10.4186583 0.0302835 0.7421942 0.0268421 0.6689619
120.046300 9.0327444 -0.5243675 10.4124966 0.0284913 0.7406635 0.0311075 0.6705506
120.254600 9.1078014 -0.5261234 10.4074821 0.0274007 0.7402989 0.0277957 0.6711439
120.567200 9.2154112 -0.5303274 10.4027224 0.0251598 0.7408786 0.0224294 0.6707927
120.775700 9.2811365 -0.5326190 10.3975592 0.0217802 0.7409768 0.0250601 0.6707094
121.088200 9.3762026 -0.5346098 10.3899879 0.0201078 0.7411077 0.0233880 0.6706773
121.922200 9.5761299 -0.5403939 10.3767672 0.0229455 0.7424752 0.0159748 0.6692898
122.130800 9.6179886 -0.5412851 10.3718624 0.0236409 0.7455735 0.0149762 0.6658356
122.652800 9.7142277 -0.5438049 10.3594265 0.0241321 0.7537329 0.0182074 0.6564852
123.173800 9.7898235 -0.5458674 10.3468752 0.0265674 0.7601085 0.0173864 0.6490200
123.382300 9.8190851 -0.5465072 10.3414898 0.0262453 0.7636770 0.0185005 0.6447995
123.903600 9.8883457 -0.5483760 10.3265791 0.0263615 0.7746672 0.0161384 0.6316133
125.155700 10.0824080 -0.5533639 10.2566442 0.0210415 0.8388138 0.0052313 0.5439865
125.364500 10.1173820 -0.5541879 10.2383204 0.0187486 0.8543378 0.0038205 0.5193658
125.573000 10.1525459 -0.5549459 10.2154608 0.0181431 0.8704517 0.0052851 0.4918910
125.781800 10.1867218 -0.5559105 10.1898241 0.0163641 0.8867571 0.0064544 0.4619008
126.408300 10.2817764 -0.5563286 10.0848932 0.0138417 0.9312435 0.0084684 0.3640359
126.616000 10.3127241 -0.5568948 10.0439100 0.0136229 0.9443598 0.0087590 0.3285153
126.824500 10.3505926 -0.5571242 9.9978256 0.0143892 0.9564158 0.0083444 0.2915341
127.554100 10.4431028 -0.5597831 9.7948685 0.0136927 0.9859455 0.0179436 0.1655358
127.762600 10.4594517 -0.5590099 9.7310839 0.0112257 0.9917626 0.0185113 0.1262468
127.867100 10.4657135 -0.5584102 9.6987171 0.0134775 0.9940543 0.0183828 0.1064727
128.283700 10.4791451 -0.5566866 9.5636749 0.0181467 0.9993351 0.0118733 0.0293117
128.492100 10.4776049 -0.5557013 9.4920645 0.0213220 0.9997240 0.0097214 -0.0016350
128.700300 10.4728765 -0.5550153 9.4181681 0.0219094 0.9992606 0.0123677 -0.0290738
128.804200 10.4688845 -0.5545318 9.3809891 0.0216338 0.9988574 0.0132121 -0.0405118
129.012400 10.4594421 -0.5531340 9.3043623 0.0205070 0.9978353 0.0148489 -0.0606935
129.532700 10.4311256 -0.5468984 9.1019592 0.0138053 0.9933790 0.0250163 -0.1112735
129.740800 10.4126015 -0.5445456 9.0222187 0.0129765 0.9915688 0.0212750 -0.1271623
129.844800 10.4026003 -0.5434981 8.9815044 0.0119184 0.9908109 0.0179275 -0.1335305
130.052900 10.3821554 -0.5409502 8.8986912 0.0117704 0.9892974 0.0162064 -0.1445319
130.261000 10.3592405 -0.5393486 8.8141193 0.0171701 0.9881412 0.0180339 -0.1515157
130.469000 10.3331337 -0.5371935 8.7281361 0.0176885 0.9875072 0.0169358 -0.1556592
130.677700 10.3064461 -0.5354001 8.6401472 0.0192191 0.9870045 0.0157475 -0.1587601
130.885300 10.2800245 -0.5333473 8.5519047 0.0207621 0.9869742 0.0156900 -0.1587598
131.093400 10.2531652 -0.5317327 8.4634638 0.0243327 0.9873894 0.0156440 -0.1556447
131.302500 10.2292709 -0.5294930 8.3724384 0.0261449 0.9881544 0.0163421 -0.1503341
131.509500 10.2063665 -0.5275995 8.2804165 0.0262192 0.9890490 0.0169186 -0.1442512
131.717500 10.1842995 -0.5257488 8.1888523 0.0271562 0.9899166 0.0171093 -0.1379670
131.925800 10.1633520 -0.5234845 8.0975437 0.0273589 0.9907064 0.0173416 -0.1321041
132.133900 10.1429195 -0.5216298 8.0116758 0.0268127 0.9914045 0.0186328 -0.1266925
132.448000 10.1157894 -0.5182195 7.8850741 0.0256886 0.9919378 0.0192430 -0.1225935
132.760700 10.0978928 -0.5140578 7.7564025 0.0246324 0.9916556 0.0180243 -0.1252502
133.072500 10.0740118 -0.5101974 7.6410561 0.0235645 0.9911134 0.0179884 -0.1296744
133.280500 10.0576706 -0.5079138 7.5738487 0.0232185 0.9904855 0.0175722 -0.1345008
133.802200 10.0151262 -0.5043225 7.4234824 0.0214779 0.9862440 0.0169623 -0.1630146
134.115500 9.9843388 -0.5027154 7.3436818 0.0213876 0.9798594 0.0167682 -0.1978305
134.429100 9.9478989 -0.5002891 7.2727900 0.0177595 0.9676813 0.0150673 -0.2510986
134.742800 9.9039001 -0.4987600 7.2117901 0.0173650 0.9484354 0.0113670 -0.3162902
135.056400 9.8527269 -0.4979042 7.1620922 0.0172315 0.9217085 0.0128146 -0.3872885
135.265300 9.8143167 -0.4969149 7.1336298 0.0149319 0.9000558 0.0145119 -0.4352770
135.473900 9.7731180 -0.4964698 7.1101999 0.0157226 0.8759474 0.0155227 -0.4819005
135.682600 9.7289562 -0.4955534 7.0907893 -0.0124871 -0.8494673 -0.0186517 0.5271636
135.891300 9.6818924 -0.4946757 7.0751820 -0.0113998 -0.8213956 -0.0208103 0.5698651
136.099700 9.6308146 -0.4933131 7.0624681 -0.0102916 -0.7929368 -0.0207096 0.6088648
136.308100 9.5752249 -0.4913408 7.0533652 -0.0105286 -0.7668961 -0.0232856 0.6412623
136.517700 9.5152845 -0.4896511 7.0473061 -0.0130729 -0.7452056 -0.0253724 0.6662236
136.726800 9.4521523 -0.4875425 7.0436835 -0.0104725 -0.7275223 -0.0258466 0.6855171
136.932000 9.3854914 -0.4854485 7.0421634 -0.0065454 -0.7139426 -0.0249020 0.6997307
137.347700 9.2366047 -0.4805542 7.0426569 -0.0052280 -0.6940989 -0.0274833 0.7193358
137.971500 8.9902201 -0.4730034 7.0567698 -0.0040200 -0.6800781 -0.0264903 0.7326499
138.595900 8.7255726 -0.4683020 7.0657377 -0.0020631 -0.6787019 -0.0298104 0.7338057
139.220800 8.4242640 -0.4616541 7.0814562 -0.0027460 -0.6734619 -0.0317739 0.7385337
139.741900 8.1516857 -0.4520479 7.1047602 -0.0021234 -0.6679817 -0.0315503 0.7435055
140.262600 7.8666239 -0.4433398 7.1316051 -0.0019671 -0.6685291 -0.0321318 0.7429889
140.783300 7.5845227 -0.4350363 7.1579075 -0.0002454 -0.6693419 -0.0331329 0.7422153
141.408100 7.2559457 -0.4252989 7.1905847 -0.0016461 -0.6681768 -0.0360004 0.7431292
142.033000 6.9388204 -0.4158103 7.2241573 -0.0010918 -0.6678100 -0.0351346 0.7435013
142.762400 6.5744190 -0.4046829 7.2614923 -0.0009190 -0.6681640 -0.0355342 0.7431644
143.387800 6.2602305 -0.3957221 7.2958226 -0.0007162 -0.6638008 -0.0338625 0.7471421
144.013200 5.9428973 -0.3859586 7.3330402 -0.0027141 -0.6635959 -0.0295118 0.7475040
144.638200 5.6189694 -0.3761384 7.3660870 -0.0026053 -0.6716237 -0.0294488 0.7403023
145.367300 5.2318101 -0.3646430 7.3953276 0.0007821 -0.6811992 -0.0286235 0.7315379
145.888300 4.9476719 -0.3574808 7.4143634 -0.0052366 -0.6824326 -0.0297809 0.7303228
146.200900 4.7753944 -0.3518035 7.4255667 -0.0043904 -0.6831346 -0.0320194 0.7295771
146.825900 4.4297738 -0.3405268 7.4467487 -0.0026122 -0.6823692 -0.0311515 0.7303390
147.346700 4.1463442 -0.3323295 7.4663095 -0.0031391 -0.6825894 -0.0315420 0.7301144
147.763200 3.9196415 -0.3255014 7.4806337 -0.0035275 -0.6834701 -0.0329979 0.7292238
148.179900 3.6953599 -0.3187944 7.4948635 -0.0018450 -0.6837166 -0.0357042 0.7288713
149.430300 3.0428476 -0.2985820 7.5448442 0.0015942 -0.6722140 -0.0362053 0.7394694
149.950900 2.7677498 -0.2912884 7.5709987 -0.0021161 -0.6722712 -0.0311490 0.7396463
150.471300 2.4873016 -0.2829696 7.5963149 -0.0090277 -0.6770876 -0.0303074 0.7352226
150.991800 2.2001410 -0.2744849 7.6137371 -0.0080972 -0.6836465 -0.0271657 0.7292626
151.512400 1.9093751 -0.2637794 7.6264076 -0.0093601 -0.6884876 -0.0271803 0.7246781
152.032900 1.6123017 -0.2538091 7.6279216 -0.0111769 -0.6926146 -0.0278422 0.7206836
152.449400 1.3763993 -0.2455896 7.6296482 -0.0103113 -0.6959872 -0.0282277 0.7174251
152.865900 1.1462566 -0.2367693 7.6216908 -0.0108584 -0.6969489 -0.0283020 0.7164798
153.282500 0.9168612 -0.2287053 7.6205316 -0.0093513 -0.6990308 -0.0239011 0.7146309
153.699000 0.6888480 -0.2227069 7.6197724 -0.0140125 -0.7021839 -0.0228450 0.7114910
154.115600 0.4708840 -0.2148458 7.6126862 -0.0155121 -0.7045988 -0.0255618 0.7089757
154.532200 0.2638785 -0.2066608 7.6023221 -0.0145461 -0.7061549 -0.0270365 0.7073915
154.948600 0.0660746 -0.1998418 7.5941443 -0.0147315 -0.7089871 -0.0289048 0.7044748
155.365300 -0.1204776 -0.1931058 7.5844326 -0.0132692 -0.7113932 -0.0293306 0.7020565
155.782100 -0.2938486 -0.1863449 7.5766253 -0.0108720 -0.7110392 -0.0319200 0.7023433
156.095000 -0.4201724 -0.1808699 7.5727215 -0.0075213 -0.7054521 -0.0329749 0.7079501
156.929500 -0.7067087 -0.1641775 7.5433555 -0.0085682 -0.6672008 -0.0305693 0.7442011
160.472200 -1.3778194 -0.1351548 7.5719609 -0.0151455 -0.6819052 -0.0107462 0.7312049
160.889200 -1.4189360 -0.1350734 7.5764179 -0.0177638 -0.6863350 -0.0105335 0.7269922
161.201800 -1.4460678 -0.1347117 7.5779839 -0.0163869 -0.6896321 -0.0129990 0.7238578
161.931200 -1.5315967 -0.1330375 7.5778322 -0.0087551 -0.6979756 -0.0102325 0.7159950
162.244000 -1.5813966 -0.1318224 7.5763083 -0.0033419 -0.6991654 -0.0113147 0.7148626
162.556600 -1.6416626 -0.1308161 7.5753598 -0.0036186 -0.6978688 -0.0151939 0.7160553
162.869300 -1.7111334 -0.1289665 7.5759230 -0.0076719 -0.6966978 -0.0220898 0.7169836
163.077900 -1.7614686 -0.1274069 7.5773377 -0.0152907 -0.6959887 -0.0178224 0.7176687
163.286300 -1.8155009 -0.1256615 7.5788932 -0.0157593 -0.6967900 -0.0155041 0.7169344
163.494700 -1.8723673 -0.1233364 7.5793028 -0.0159438 -0.6979922 -0.0147448 0.7157760
163.807300 -1.9642491 -0.1205628 7.5800633 -0.0202448 -0.7007526 -0.0119878 0.7130163
164.015600 -2.0295835 -0.1185621 7.5795774 -0.0111084 -0.7029324 -0.0072215 0.7111333
164.328400 -2.1328654 -0.1155326 7.5752673 -0.0135088 -0.7031583 -0.0089934 0.7108481
164.536900 -2.2084181 -0.1133304 7.5728512 -0.0134101 -0.7037386 -0.0104683 0.7102553
164.745400 -2.2847133 -0.1113986 7.5704184 -0.0099822 -0.7043677 -0.0087957 0.7097106
164.953900 -2.3654830 -0.1100328 7.5684829 -0.0113770 -0.7046613 -0.0115534 0.7093585
165.162300 -2.4471245 -0.1080965 7.5654249 -0.0130954 -0.7045904 -0.0136363 0.7093624
165.370800 -2.5326135 -0.1054472 7.5636492 -0.0140414 -0.7043483 -0.0144942 0.7095677
165.579300 -2.6183262 -0.1029911 7.5630779 -0.0119518 -0.7034004 -0.0131986 0.7105707
165.787800 -2.7060471 -0.1007065 7.5627465 -0.0125642 -0.7023975 -0.0142194 0.7115320
165.996300 -2.7957039 -0.0984695 7.5614457 -0.0136103 -0.7007176 -0.0147962 0.7131554
166.204900 -2.8862319 -0.0957107 7.5614791 -0.0143009 -0.6997585 -0.0137817 0.7141033
166.308900 -2.9312429 -0.0948573 7.5611315 -0.0143321 -0.6992676 -0.0136072 0.7145867
166.517400 -3.0230751 -0.0920697 7.5602317 -0.0146481 -0.6990420 -0.0129227 0.7148137
166.725700 -3.1165752 -0.0893727 7.5592065 -0.0142059 -0.6992106 -0.0143638 0.7146302
166.934000 -3.2083497 -0.0872576 7.5590959 -0.0123892 -0.6996934 -0.0134942 0.7142084
167.142500 -3.3008246 -0.0850736 7.5584335 -0.0126710 -0.6996913 -0.0163551 0.7141457
167.351000 -3.3946195 -0.0823654 7.5586233 -0.0142660 -0.6994820 -0.0158362 0.7143323
167.559000 -3.4890273 -0.0799230 7.5590172 -0.0161675 -0.6991097 -0.0160568 0.7146512
167.767400 -3.5829766 -0.0772486 7.5583477 -0.0154954 -0.6985591 -0.0163750 0.7151971
167.975600 -3.6769731 -0.0751126 7.5589933 -0.0119849 -0.6984286 -0.0169732 0.7153781
168.183900 -3.7716515 -0.0728544 7.5596437 -0.0108356 -0.6985120 -0.0204020 0.7152254
168.392100 -3.8671453 -0.0696977 7.5607104 -0.0161972 -0.6985890 -0.0253963 0.7148889
168.600500 -3.9600642 -0.0663317 7.5610237 -0.0124811 -0.6985085 -0.0243650 0.7150779
168.808900 -4.0532918 -0.0634484 7.5623031 -0.0080529 -0.6983227 -0.0196152 0.7154689
169.017300 -4.1472411 -0.0610452 7.5632792 -0.0095067 -0.6978506 -0.0195317 0.7159138
169.225900 -4.2407866 -0.0587246 7.5647349 -0.0119204 -0.6976829 -0.0185100 0.7160683
169.434000 -4.3347220 -0.0565160 7.5660834 -0.0114550 -0.6980923 -0.0165584 0.7157246
169.642300 -4.4281416 -0.0544423 7.5667257 -0.0129469 -0.6985323 -0.0162591 0.7152766
169.850700 -4.5235257 -0.0521190 7.5679379 -0.0160036 -0.6988832 -0.0187985 0.7148096
170.059000 -4.6188459 -0.0491734 7.5685849 -0.0119126 -0.6994087 -0.0170933 0.7144183
170.267400 -4.7133846 -0.0470627 7.5682654 -0.0100932 -0.6993320 -0.0179088 0.7145013
170.475800 -4.8089323 -0.0440236 7.5690470 -0.0131857 -0.6994402 -0.0204299 0.7142774
170.684100 -4.9040151 -0.0412813 7.5690117 -0.0111514 -0.6996703 -0.0200504 0.7140974
170.892400 -4.9991760 -0.0386364 7.5690660 -0.0078246 -0.7007212 -0.0222587 0.7130450
171.100700 -5.0938048 -0.0364931 7.5690980 -0.0068399 -0.7024464 -0.0213485 0.7113835
171.308900 -5.1892867 -0.0339977 7.5684466 -0.0085129 -0.7041504 -0.0190059 0.7097454
171.517300 -5.2847562 -0.0320785 7.5676222 -0.0061647 -0.7055696 -0.0158098 0.7084374
171.725500 -5.3797040 -0.0306442 7.5659280 -0.0063860 -0.7068042 -0.0175819 0.7071618
171.933900 -5.4757056 -0.0284876 7.5640812 -0.0094540 -0.7079103 -0.0209902 0.7059271
172.247200 -5.6202154 -0.0251196 7.5612254 -0.0073216 -0.7101704 -0.0176016 0.7037716
172.558700 -5.7648458 -0.0227178 7.5573344 -0.0077392 -0.7128376 -0.0174865 0.7010683
172.766900 -5.8618174 -0.0205731 7.5543456 -0.0077180 -0.7142467 -0.0189961 0.6995936
172.975200 -5.9579473 -0.0185782 7.5504556 -0.0079577 -0.7157078 -0.0186734 0.6981048
173.183400 -6.0489883 -0.0168051 7.5464029 -0.0076360 -0.7172461 -0.0171456 0.6965671
173.391600 -6.1460214 -0.0149349 7.5429544 -0.0081920 -0.7187372 -0.0165773 0.6950359
173.599900 -6.2417383 -0.0131660 7.5393243 -0.0087593 -0.7200932 -0.0144841 0.6936709
173.808100 -6.3371167 -0.0113775 7.5347643 -0.0109851 -0.7211385 -0.0152431 0.6925361
174.016400 -6.4327793 -0.0092017 7.5300617 -0.0112105 -0.7221512 -0.0147552 0.6914870
174.224700 -6.5284486 -0.0072606 7.5248513 -0.0104262 -0.7229891 -0.0141639 0.6906354
174.433100 -6.6239309 -0.0055800 7.5193019 -0.0105735 -0.7235891 -0.0125643 0.6900356
174.641400 -6.7202897 -0.0039932 7.5139108 -0.0125985 -0.7238064 -0.0123482 0.6897776
174.849700 -6.8167138 -0.0020796 7.5082388 -0.0149274 -0.7232317 -0.0109614 0.6903571
175.162100 -6.9598660 0.0008520 7.5019774 -0.0108761 -0.7231120 -0.0094827 0.6905801
175.474500 -7.1053081 0.0033054 7.4961548 -0.0117124 -0.7234367 -0.0131391 0.6901664
175.682800 -7.1994324 0.0051804 7.4900565 -0.0116646 -0.7235081 -0.0144788 0.6900655
175.891100 -7.2951994 0.0068183 7.4840908 -0.0100494 -0.7236566 -0.0135545 0.6899539
176.099300 -7.3914857 0.0084405 7.4793396 -0.0083032 -0.7238501 -0.0149976 0.6897443
176.307600 -7.4882164 0.0100550 7.4745474 -0.0087338 -0.7238333 -0.0157148 0.6897405
176.515700 -7.5852313 0.0121534 7.4691167 -0.0096760 -0.7232815 -0.0144462 0.6903344
176.723900 -7.6821342 0.0138824 7.4648237 -0.0100233 -0.7232645 -0.0138674 0.6903591
176.932200 -7.7784910 0.0152780 7.4600372 -0.0079372 -0.7232448 -0.0126486 0.6904303
177.140500 -7.8753519 0.0167340 7.4550357 -0.0091617 -0.7229977 -0.0150172 0.6906265
177.348600 -7.9716878 0.0184946 7.4507761 -0.0111844 -0.7234367 -0.0125654 0.6901857
177.556900 -8.0675955 0.0197930 7.4458241 -0.0126733 -0.7236252 -0.0118659 0.6899748
177.764900 -8.1633654 0.0213865 7.4407434 -0.0117147 -0.7237798 -0.0110277 0.6898434
177.973600 -8.2601786 0.0233136 7.4359531 -0.0140401 -0.7237437 -0.0137636 0.6897888
178.181400 -8.3548412 0.0250057 7.4316039 -0.0156408 -0.7237118 -0.0119048 0.6898223
178.389700 -8.4463511 0.0261356 7.4265223 -0.0080454 -0.7232482 -0.0075552 0.6905000
178.598000 -8.5402021 0.0268234 7.4224734 -0.0126639 -0.7232335 -0.0105418 0.6904069
178.806200 -8.6341562 0.0290072 7.4176040 -0.0167620 -0.7228581 -0.0137907 0.6906555
179.014500 -8.7248507 0.0304576 7.4131765 -0.0136993 -0.7226126 -0.0090064 0.6910588
179.222700 -8.8145628 0.0310844 7.4096026 -0.0129462 -0.7235107 -0.0036392 0.6901821
179.430800 -8.9044638 0.0323814 7.4054008 -0.0268227 -0.7235876 -0.0109947 0.6896235
179.638900 -8.9919720 0.0352678 7.4005399 -0.0239819 -0.7235106 -0.0124074 0.6897850
179.847200 -9.0768280 0.0362888 7.3953028 -0.0140028 -0.7238303 -0.0063288 0.6898069
180.055500 -9.1615057 0.0371486 7.3900399 -0.0148059 -0.7238308 -0.0089401 0.6897607
180.263700 -9.2439613 0.0388377 7.3850694 -0.0188397 -0.7238687 -0.0166997 0.6894783
180.471900 -9.3257294 0.0408051 7.3810296 -0.0183768 -0.7246696 -0.0160105 0.6886653
180.680200 -9.4046993 0.0423018 7.3765101 -0.0178253 -0.7247513 -0.0137192 0.6886433
180.888400 -9.4831877 0.0441303 7.3720193 -0.0157199 -0.7244097 -0.0112874 0.6890980
181.097200 -9.5604525 0.0450623 7.3680267 -0.0155084 -0.7233764 -0.0124897 0.6901667
181.305100 -9.6368303 0.0464321 7.3637681 -0.0121285 -0.7226428 -0.0111082 0.6910259
181.513300 -9.7133703 0.0473311 7.3593221 -0.0135280 -0.7226017 -0.0126636 0.6910163
181.721500 -9.7883511 0.0482790 7.3556037 -0.0139752 -0.7234312 -0.0135871 0.6901213
181.929700 -9.8616619 0.0496677 7.3508086 -0.0110980 -0.7255392 -0.0139959 0.6879490
182.137800 -9.9351425 0.0505470 7.3455544 -0.0116488 -0.7280182 -0.0164221 0.6852620
182.345900 -10.0072393 0.0523014 7.3409066 -0.0160797 -0.7312805 -0.0147994 0.6817267
182.658200 -10.1156855 0.0538734 7.3291435 -0.0138159 -0.7368389 -0.0098585 0.6758553
182.970500 -10.2227917 0.0558639 7.3165002 -0.0181467 -0.7435015 -0.0142282 0.6683365
183.178800 -10.2921448 0.0574582 7.3076696 -0.0167396 -0.7477944 -0.0117990 0.6636143
183.491500 -10.3947449 0.0593264 7.2927051 -0.0115839 -0.7506107 -0.0169642 0.6604253
183.700300 -10.4621687 0.0605778 7.2826376 -0.0098739 -0.7503040 -0.0209554 0.6606869
183.908700 -10.5294161 0.0626735 7.2725077 -0.0101027 -0.7493834 -0.0229504 0.6616613
184.117400 -10.5952063 0.0645589 7.2626901 -0.0067956 -0.7477761 -0.0255663 0.6634237
184.326100 -10.6586571 0.0661829 7.2538738 -0.0028515 -0.7431309 -0.0281045 0.6685495
184.534700 -10.7206526 0.0677805 7.2465639 -0.0007492 -0.7343804 -0.0313092 0.6780151
184.743300 -10.7814341 0.0693999 7.2418404 -0.0011767 -0.7257703 -0.0307676 0.6872478
184.951900 -10.8409185 0.0710223 7.2383356 -0.0021547 -0.7171615 -0.0310251 0.6962128
185.473400 -10.9787292 0.0768327 7.2325473 -0.0022451 -0.6905277 -0.0313798 0.7226215
185.681900 -11.0306253 0.0779402 7.2348804 -0.0027228 -0.6796151 -0.0299241 0.7329533
185.890400 -11.0805044 0.0794134 7.2360754 -0.0022138 -0.6669552 -0.0278098 0.7445753
186.098800 -11.1290798 0.0804033 7.2407017 -0.0011931 -0.6557125 -0.0266867 0.7545379
186.619800 -11.2408466 0.0826373 7.2549973 -0.0038312 -0.6289794 -0.0266660 0.7769550
186.828000 -11.2818947 0.0832005 7.2637625 -0.0054801 -0.6232252 -0.0243858 0.7816430
187.036100 -11.3218613 0.0838396 7.2717609 -0.0077793 -0.6214556 -0.0227102 0.7830816
187.660100 -11.4278784 0.0865129 7.2877994 -0.0113279 -0.6367390 -0.0206190 0.7707205
187.868000 -11.4604826 0.0872330 7.2918706 -0.0115935 -0.6512848 -0.0205071 0.7584677
188.076000 -11.4909143 0.0881403 7.2936935 -0.0133391 -0.6684105 -0.0197571 0.7434104
188.491800 -11.5458546 0.0901416 7.2893839 -0.0120628 -0.7134817 -0.0224451 0.7002104
188.907700 -11.5911551 0.0916259 7.2749057 -0.0059666 -0.7615194 -0.0211093 0.6477708
189.219900 -11.6234522 0.0932467 7.2596669 -0.0028558 -0.7940270 -0.0233431 0.6074274
189.428300 -11.6443186 0.0937245 7.2475853 0.0016854 -0.8140806 -0.0255093 0.5801889
189.636500 -11.6648855 0.0948422 7.2339869 0.0041385 -0.8320645 -0.0302973 0.5538354
190.157500 -11.7118635 0.0973168 7.1988387 -0.0063091 0.8696003 0.0345106 -0.4925084
190.678900 -11.7631378 0.0988628 7.1615701 -0.0053234 0.8934159 0.0304407 -0.4481664
190.991800 -11.7937641 0.1017276 7.1369462 -0.0054710 0.9057316 0.0219451 -0.4232480
191.304400 -11.8234377 0.1034129 7.1076736 -0.0032720 0.9178858 0.0212527 -0.3962617
191.616900 -11.8522139 0.1049544 7.0741143 0.0022579 0.9324625 0.0230342 -0.3605247
192.034000 -11.8879881 0.1072751 7.0219903 0.0034383 0.9520455 0.0240356 -0.3049916
192.241400 -11.9047613 0.1088277 6.9922714 0.0056812 0.9615154 0.0209225 -0.2738945
192.449700 -11.9200029 0.1107831 6.9584064 0.0013014 0.9702485 0.0194283 -0.2413268
192.657900 -11.9359331 0.1119255 6.9205685 0.0054333 0.9775871 0.0206287 -0.2094479
192.866300 -11.9505711 0.1134317 6.8786745 0.0055565 0.9827657 0.0209369 -0.1835818
193.075100 -11.9657621 0.1155402 6.8325000 0.0029945 0.9854872 0.0223820 -0.1682409
193.283700 -11.9828281 0.1183997 6.7816405 0.0076167 0.9873522 0.0221104 -0.1568082
193.492200 -11.9998960 0.1210803 6.7251410 0.0121630 0.9896210 0.0193863 -0.1418678
193.804800 -12.0230303 0.1263536 6.6296530 0.0151000 0.9927317 0.0188591 -0.1178985
194.013300 -12.0378962 0.1291114 6.5583587 0.0174398 0.9943490 0.0209494 -0.1026010
194.221800 -12.0500450 0.1324719 6.4810972 0.0174038 0.9954790 0.0184014 -0.0915420
194.430500 -12.0627308 0.1359704 6.3971906 0.0171389 0.9960904 0.0184572 -0.0846736
194.639200 -12.0768442 0.1396241 6.3077817 0.0172885 0.9964159 0.0191194 -0.0805661
194.847700 -12.0906067 0.1435396 6.2129540 0.0174194 0.9965775 0.0183608 -0.0786941
195.056300 -12.1038218 0.1476045 6.1143341 0.0192066 0.9966470 0.0192333 -0.0771751
195.264800 -12.1187725 0.1520650 6.0133023 0.0229330 0.9966900 0.0201675 -0.0753424
195.473300 -12.1325159 0.1564712 5.9093585 0.0231265 0.9968554 0.0173165 -0.0737869
195.786100 -12.1531105 0.1615699 5.7447505 0.0204834 0.9970679 0.0174089 -0.0716446
196.098500 -12.1719494 0.1681323 5.5738745 0.0238645 0.9969402 0.0255092 -0.0699288
196.411200 -12.1878757 0.1751331 5.4071217 0.0242356 0.9971619 0.0222138 -0.0677291
196.723700 -12.2037716 0.1807613 5.2416925 0.0208994 0.9974273 0.0229759 -0.0646072
197.036300 -12.2185774 0.1856496 5.0776362 0.0214582 0.9975908 0.0235042 -0.0616419
197.348800 -12.2292385 0.1912036 4.9141989 0.0219134 0.9976695 0.0242982 -0.0598748
197.661500 -12.2404137 0.1966388 4.7514687 0.0194028 0.9977871 0.0246347 -0.0586317
197.973900 -12.2478809 0.2015527 4.5932050 0.0196339 0.9977735 0.0231556 -0.0593825
198.286400 -12.2540169 0.2054313 4.4368315 0.0202794 0.9976783 0.0252049 -0.0599290
198.598700 -12.2648401 0.2102250 4.2845778 0.0181896 0.9978061 0.0247823 -0.0586350
198.806900 -12.2738428 0.2132763 4.1851115 0.0178920 0.9979057 0.0249308 -0.0569442
199.015000 -12.2822475 0.2157433 4.0856986 0.0170940 0.9980308 0.0225426 -0.0559833
199.223300 -12.2911320 0.2186252 3.9858556 0.0160555 0.9980339 0.0241068 -0.0555821
199.431800 -12.3003063 0.2215726 3.8869078 0.0161300 0.9980187 0.0252069 -0.0553442
199.639900 -12.3092165 0.2243741 3.7880194 0.0156097 0.9980131 0.0226816 -0.0566724
199.848200 -12.3174915 0.2269220 3.6912017 0.0136122 0.9978328 0.0228256 -0.0601936
200.056800 -12.3274574 0.2295557 3.5927753 0.0144422 0.9975254 0.0222480 -0.0651117
200.265000 -12.3397522 0.2325591 3.4960818 0.0177980 0.9972490 0.0223138 -0.0684091
200.473300 -12.3512726 0.2357079 3.3985105 0.0170686 0.9969444 0.0271582 -0.0712247
200.681600 -12.3625698 0.2394122 3.3019953 0.0133468 0.9966785 0.0317146 -0.0738109
200.889800 -12.3744497 0.2429367 3.2072482 0.0098623 0.9967985 0.0257685 -0.0750432
201.098000 -12.3873596 0.2464624 3.1117918 0.0121806 0.9968435 0.0225825 -0.0751313
201.306400 -12.4008551 0.2491198 3.0158381 0.0132319 0.9967288 0.0266066 -0.0751583
201.514700 -12.4154854 0.2528430 2.9191256 0.0125201 0.9966438 0.0293085 -0.0754015
201.723300 -12.4269981 0.2567460 2.8243241 0.0116275 0.9965889 0.0283537 -0.0766250
202.035500 -12.4472599 0.2622918 2.6775584 0.0120209 0.9966735 0.0277084 -0.0756944
202.243800 -12.4595528 0.2654782 2.5844507 0.0109768 0.9967489 0.0289808 -0.0743726
202.452100 -12.4716854 0.2692994 2.4869828 0.0097706 0.9968748 0.0291828 -0.0727562
202.660400 -12.4846725 0.2724796 2.3921514 0.0098785 0.9970178 0.0290742 -0.0707996
202.868700 -12.4962769 0.2762539 2.2972450 0.0086208 0.9971383 0.0288646 -0.0693378
203.181300 -12.5140448 0.2820379 2.1510062 0.0070474 0.9972197 0.0289885 -0.0682855
203.389700 -12.5261993 0.2857051 2.0559244 0.0061027 0.9972374 0.0294135 -0.0679347
203.598100 -12.5380230 0.2895561 1.9614593 0.0059302 0.9972202 0.0286107 -0.0685436
203.806500 -12.5499992 0.2938129 1.8609437 0.0039155 0.9971350 0.0281875 -0.0700848
204.119200 -12.5693226 0.2994739 1.7163337 0.0028779 0.9967613 0.0291503 -0.0748928
204.327700 -12.5817766 0.3027761 1.6243190 0.0033453 0.9964989 0.0287687 -0.0784294
204.536200 -12.5957270 0.3064367 1.5322943 0.0034092 0.9962922 0.0282348 -0.0811976
204.848800 -12.6173916 0.3119643 1.3940423 0.0038670 0.9960667 0.0280192 -0.0839711
205.057100 -12.6318464 0.3155710 1.3041477 0.0040556 0.9959300 0.0277533 -0.0856544
205.265300 -12.6465168 0.3190435 1.2162446 0.0044121 0.9958479 0.0269096 -0.0868526
205.473600 -12.6614943 0.3220479 1.1275953 0.0055586 0.9958361 0.0278977 -0.0866098
205.681700 -12.6762972 0.3254063 1.0383285 0.0074709 0.9961175 0.0276114 -0.0832572
205.889700 -12.6901169 0.3289409 0.9493377 0.0078304 0.9967153 0.0273904 -0.0758095
206.097700 -12.7017622 0.3323149 0.8603119 0.0079999 0.9973861 0.0277186 -0.0662466
206.305800 -12.7118378 0.3356170 0.7725478 0.0086657 0.9980059 0.0286206 -0.0555876
206.513700 -12.7206755 0.3388860 0.6838779 0.0096409 0.9986055 0.0273528 -0.0441137
206.929800 -12.7352314 0.3460080 0.5019023 0.0132332 0.9994731 0.0265805 -0.0131120
207.137600 -12.7356663 0.3494848 0.4148443 0.0143565 0.9995806 0.0242831 0.0065494
207.345600 -12.7314568 0.3522008 0.3289620 0.0132654 0.9992503 0.0244291 0.0269467
207.553700 -12.7238092 0.3548424 0.2438146 0.0135235 0.9984496 0.0244564 0.0481401
207.761600 -12.7129717 0.3575025 0.1581153 0.0142189 0.9971136 0.0235349 0.0707690
207.969500 -12.6975880 0.3601128 0.0734093 0.0142364 0.9952351 0.0212867 0.0940808
208.177600 -12.6779566 0.3618492 -0.0115855 0.0141606 0.9927545 0.0215972 0.1173527
208.385700 -12.6546173 0.3637262 -0.0974253 0.0150820 0.9895925 0.0231412 0.1412223
208.593700 -12.6269875 0.3654421 -0.1825769 0.0171600 0.9858508 0.0227967 0.1651789
208.802200 -12.5946054 0.3674217 -0.2673026 0.0168406 0.9816357 0.0230481 0.1886176
209.010200 -12.5574894 0.3694088 -0.3525831 0.0160822 0.9774050 0.0208506 0.2097288
209.218200 -12.5164576 0.3709802 -0.4361812 0.0153917 0.9729192 0.0190522 0.2298441
209.426600 -12.4712334 0.3722653 -0.5191229 0.0141619 0.9690453 0.0182312 0.2458013
209.635200 -12.4230137 0.3737081 -0.6031493 0.0110496 0.9662561 0.0178173 0.2567286
209.947900 -12.3471594 0.3763505 -0.7317588 0.0104759 0.9640720 0.0162915 0.2649338
210.260700 -12.2671995 0.3775560 -0.8632661 0.0111700 0.9631098 0.0147101 0.2684742
210.469100 -12.2128000 0.3784047 -0.9507549 0.0104101 0.9628252 0.0152865 0.2694913
210.781700 -12.1313972 0.3788096 -1.0832449 0.0088772 0.9633766 0.0148976 0.2675906
211.094400 -12.0500240 0.3801487 -1.2162677 0.0065612 0.9655291 0.0155776 0.2597456
211.406900 -11.9728470 0.3809300 -1.3506135 0.0058883 0.9682052 0.0154615 0.2496095
211.719600 -11.8996668 0.3821288 -1.4833095 0.0069488 0.9712651 0.0169152 0.2372968
211.927900 -11.8532896 0.3819437 -1.5700035 0.0110028 0.9728606 0.0183174 0.2304031
212.240100 -11.7860460 0.3826082 -1.6994619 0.0153164 0.9735725 0.0196814 0.2270124
212.552400 -11.7203054 0.3843971 -1.8299047 0.0181837 0.9740389 0.0205663 0.2247100
212.760400 -11.6781511 0.3851319 -1.9157586 0.0213672 0.9740874 0.0217457 0.2241078
212.968600 -11.6362381 0.3862226 -1.9994574 0.0236432 0.9741836 0.0215418 0.2234797
213.176800 -11.5949039 0.3872000 -2.0829644 0.0250136 0.9742008 0.0228475 0.2231257
213.384900 -11.5548820 0.3879248 -2.1646037 0.0268808 0.9742286 0.0238450 0.2226827
213.593100 -11.5145092 0.3892841 -2.2456417 0.0269175 0.9743462 0.0241203 0.2221333
213.801100 -11.4761009 0.3898436 -2.3220696 0.0274517 0.9739232 0.0251916 0.2237975
214.009100 -11.4383268 0.3907683 -2.3944173 0.0276215 0.9728775 0.0268353 0.2280928
214.217100 -11.4026155 0.3917586 -2.4638331 0.0293978 0.9711578 0.0261177 0.2351726
214.425200 -11.3679914 0.3923684 -2.5279739 0.0291131 0.9694146 0.0260983 0.2422945
214.633200 -11.3342962 0.3931170 -2.5875401 0.0282330 0.9677404 0.0268178 0.2489223
214.841300 -11.3020210 0.3940705 -2.6421931 0.0274702 0.9662033 0.0253605 0.2550559
215.052500 -11.2711468 0.3944895 -2.6919813 0.0269530 0.9647838 0.0252783 0.2604358
215.257800 -11.2415962 0.3948220 -2.7387323 0.0272354 0.9630179 0.0259931 0.2667940
215.466200 -11.2134094 0.3948494 -2.7803268 0.0282909 0.9606344 0.0263347 0.2751138
215.674000 -11.1847849 0.3950522 -2.8187690 0.0288205 0.9574466 0.0249770 0.2860797
215.882200 -11.1570950 0.3953932 -2.8576348 0.0288512 0.9532613 0.0230919 0.2998786
216.923100 -11.0303001 0.3949261 -2.9990635 0.0260673 0.9143454 0.0175032 0.4037160
217.130700 -11.0088806 0.3943964 -3.0147960 0.0243356 0.9046246 0.0133092 0.4253057
217.339000 -10.9875879 0.3935968 -3.0293691 0.0247858 0.8942372 0.0101158 0.4467922
217.651400 -10.9545736 0.3926060 -3.0472608 0.0201390 0.8750089 0.0099284 0.4835858
217.963700 -10.9213724 0.3914296 -3.0613172 0.0163097 0.8533538 0.0083887 0.5210096
218.276100 -10.8856087 0.3904027 -3.0730305 0.0143071 0.8298869 0.0047971 0.5577276
218.900800 -10.7991295 0.3880841 -3.0921757 0.0188599 0.7745491 0.0014411 0.6322309
219.213100 -10.7453527 0.3864092 -3.0976822 0.0204438 0.7435977 -0.0002052 0.6683146
219.525600 -10.6834526 0.3844581 -3.0977204 0.0175729 0.7126372 -0.0019591 0.7013098
219.838100 -10.6102686 0.3819256 -3.0941894 0.0176877 0.6855656 0.0017158 0.7277939
220.046600 -10.5559988 0.3803669 -3.0880187 0.0170032 0.6693017 0.0016446 0.7427943
220.255100 -10.4970608 0.3786097 -3.0786171 0.0170525 0.6512002 0.0016894 0.7587125
220.463500 -10.4337940 0.3767080 -3.0659404 0.0171766 0.6309974 0.0073382 0.7755600
220.671700 -10.3669395 0.3749014 -3.0490842 0.0175538 0.6092334 0.0138269 0.7926761
220.880200 -10.2971802 0.3725581 -3.0275002 0.0230516 0.5856239 0.0169134 0.8100786
221.088500 -10.2242832 0.3704721 -3.0004303 0.0298107 0.5620912 0.0177958 0.8263462
221.296900 -10.1498747 0.3672238 -2.9673274 0.0273038 0.5423570 0.0183770 0.8395032
221.505700 -10.0724726 0.3641360 -2.9290590 0.0246589 0.5269218 0.0177748 0.8493700
221.714400 -9.9918175 0.3609142 -2.8864124 0.0237815 0.5167629 0.0146100 0.8556735
221.923300 -9.9085999 0.3574046 -2.8408012 0.0214519 0.5123963 0.0109111 0.8584118
222.241200 -9.7779760 0.3514529 -2.7719307 0.0205077 0.5125737 0.0079853 0.8583611
222.445200 -9.6883011 0.3474394 -2.7247758 0.0210866 0.5132285 0.0073746 0.8579612
222.653900 -9.5953789 0.3431325 -2.6757362 0.0181814 0.5142960 0.0077659 0.8573849
222.966600 -9.4544239 0.3374420 -2.6069152 0.0171439 0.5156817 0.0055540 0.8565907
223.175200 -9.3561726 0.3333887 -2.5563488 0.0182766 0.5180295 0.0024744 0.8551639
223.383700 -9.2540760 0.3286119 -2.5049517 0.0138185 0.5212384 0.0023080 0.8532961
223.696300 -9.0997992 0.3218171 -2.4327872 0.0118619 0.5276094 0.0021576 0.8494015
223.904700 -8.9961147 0.3177036 -2.3836572 0.0122680 0.5327081 0.0042418 0.8461995
224.113300 -8.8897781 0.3138432 -2.3377848 0.0118064 0.5371517 0.0070070 0.8433740
224.321300 -8.7807236 0.3104666 -2.2903161 0.0130338 0.5429186 0.0051193 0.8396686
224.529600 -8.6733046 0.3059208 -2.2442625 0.0125820 0.5494220 0.0047150 0.8354370
224.737700 -8.5646772 0.3017182 -2.2009597 0.0113405 0.5552786 0.0057857 0.8315669
224.945800 -8.4552345 0.2986230 -2.1571858 0.0090885 0.5604779 0.0059951 0.8280978
225.153800 -8.3442240 0.2951461 -2.1147726 0.0071591 0.5635298 0.0065093 0.8260390
225.361700 -8.2355566 0.2918326 -2.0747921 0.0151693 0.5641496 0.0066416 0.8255065
225.569800 -8.1269913 0.2872821 -2.0328908 0.0143090 0.5642793 0.0083891 0.8254173
225.777700 -8.0182638 0.2836425 -1.9917758 0.0119654 0.5648624 0.0076887 0.8250625
225.986100 -7.9114976 0.2802706 -1.9535060 0.0141201 0.5645540 0.0074135 0.8252420
226.193900 -7.8057880 0.2753630 -1.9141344 0.0185861 0.5646773 0.0070141 0.8250727
226.401900 -7.6968675 0.2709038 -1.8749238 0.0184635 0.5644106 0.0076936 0.8252519
226.610000 -7.5883026 0.2661714 -1.8343607 0.0175835 0.5645643 0.0093099 0.8251492
226.818100 -7.4803848 0.2614855 -1.7945096 0.0187044 0.5644662 0.0089712 0.8251955
227.026100 -7.3719888 0.2567335 -1.7535769 0.0188030 0.5646144 0.0091731 0.8250896
227.234600 -7.2627439 0.2524583 -1.7134098 0.0158932 0.5645442 0.0104214 0.8251840
227.442300 -7.1568751 0.2484057 -1.6735294 0.0173709 0.5634085 0.0110619 0.8259218
227.650500 -7.0518522 0.2442212 -1.6344110 0.0190974 0.5613379 0.0105702 0.8272988
227.858600 -6.9481964 0.2396200 -1.5956995 0.0179126 0.5593719 0.0116239 0.8286417
228.066700 -6.8484302 0.2351114 -1.5574877 0.0179154 0.5578912 0.0090000 0.8296719
228.275000 -6.7478681 0.2311658 -1.5175053 0.0130111 0.5597935 0.0072190 0.8284985
228.483200 -6.6467705 0.2275390 -1.4785377 0.0081298 0.5649421 0.0048313 0.8250763
228.691700 -6.5471001 0.2241446 -1.4426943 0.0108264 0.5724969 -0.0021173 0.8198327
228.900100 -6.4472618 0.2197531 -1.4098475 0.0069274 0.5809644 -0.0015745 0.8138980
229.109100 -6.3459659 0.2167415 -1.3803623 0.0066953 0.5880286 -0.0004411 0.8088123
229.316600 -6.2440000 0.2132312 -1.3503889 0.0105238 0.5928475 -0.0003961 0.8052459
229.524700 -6.1412506 0.2099084 -1.3203121 0.0084503 0.5961381 0.0042438 0.8028262
229.733000 -6.0396776 0.2068304 -1.2918226 0.0123653 0.5995455 0.0002587 0.8002450
229.941100 -5.9377017 0.2027038 -1.2639031 0.0112346 0.6022949 -0.0024788 0.7981908
230.149200 -5.8358808 0.1989007 -1.2365695 0.0092475 0.6031174 0.0001627 0.7975988
230.357400 -5.7345328 0.1960546 -1.2081177 0.0052877 0.6038064 -0.0005976 0.7971132
230.565700 -5.6342411 0.1930631 -1.1812538 0.0032422 0.6065974 -0.0058812 0.7949808
230.774000 -5.5347590 0.1892111 -1.1569955 0.0089650 0.6104963 -0.0111159 0.7918903
230.982300 -5.4336939 0.1847564 -1.1327482 0.0092102 0.6158223 -0.0068166 0.7878017
231.190900 -5.3316550 0.1808906 -1.1094530 0.0082744 0.6220189 -0.0050445 0.7829423
231.399400 -5.2299051 0.1770176 -1.0883596 0.0085430 0.6283744 -0.0042893 0.7778523
231.607700 -5.1285343 0.1732520 -1.0690467 0.0095692 0.6343798 -0.0036103 0.7729539
231.815900 -5.0277686 0.1697196 -1.0520666 0.0090912 0.6392711 -0.0015671 0.7689261
232.024100 -4.9240742 0.1662121 -1.0351824 0.0091477 0.6438888 -0.0000534 0.7650644
232.232300 -4.8195333 0.1629877 -1.0192573 0.0125505 0.6462018 0.0017679 0.7630613
232.440500 -4.7160578 0.1593106 -1.0038126 0.0144159 0.6475193 0.0028726 0.7619073
232.651700 -4.6121087 0.1550890 -0.9879405 0.0114433 0.6494628 0.0060336 0.7602834
232.856900 -4.5092854 0.1515049 -0.9729181 0.0124830 0.6515568 0.0068611 0.7584661
233.065000 -4.4075637 0.1484775 -0.9596211 0.0131195 0.6529522 0.0083155 0.7572398
233.377100 -4.2545033 0.1441077 -0.9386841 0.0130586 0.6548606 0.0079410 0.7555951
233.585300 -4.1526651 0.1408682 -0.9248362 0.0130671 0.6558898 0.0071525 0.7547097
233.793200 -4.0514340 0.1378525 -0.9117333 0.0120248 0.6569868 0.0094747 0.7537466
234.105200 -3.9022069 0.1343432 -0.8939841 0.0155187 0.6579161 0.0101154 0.7528634
234.313200 -3.8037603 0.1313884 -0.8807990 0.0161022 0.6591871 0.0116408 0.7517164
234.625400 -3.6582978 0.1275655 -0.8645697 0.0140529 0.6604077 0.0124580 0.7506724
234.833700 -3.5604045 0.1253335 -0.8525433 0.0159543 0.6616693 0.0101025 0.7495580
235.041400 -3.4625976 0.1221035 -0.8406270 0.0168392 0.6635054 0.0094370 0.7479224
235.249300 -3.3661566 0.1187974 -0.8288857 0.0155809 0.6656818 0.0070204 0.7460400
235.457500 -3.2709768 0.1156734 -0.8178088 0.0131729 0.6678555 0.0078922 0.7441325
235.665500 -3.1758361 0.1127822 -0.8080892 0.0155680 0.6690725 0.0066751 0.7430041
235.873600 -3.0811834 0.1094163 -0.7987337 0.0172954 0.6703489 0.0068822 0.7418125
236.081600 -2.9866776 0.1060580 -0.7885053 0.0170307 0.6719530 0.0081487 0.7403530
236.290500 -2.8924880 0.1032133 -0.7802551 0.0166167 0.6729988 0.0097756 0.7393922
236.497800 -2.8003428 0.1001515 -0.7720872 0.0174519 0.6740009 0.0097159 0.7384604
236.705900 -2.7106695 0.0970212 -0.7638815 0.0186804 0.6750385 0.0088652 0.7374927
237.018000 -2.5796499 0.0920872 -0.7518170 0.0170638 0.6763151 0.0096882 0.7363510
237.226100 -2.4949949 0.0890761 -0.7443414 0.0175118 0.6770655 0.0092553 0.7356562
237.434200 -2.4107456 0.0864322 -0.7377309 0.0164400 0.6775466 0.0109026 0.7352152
237.642300 -2.3304608 0.0839578 -0.7308369 0.0135154 0.6782915 0.0152629 0.7345101
237.850500 -2.2536325 0.0819854 -0.7249916 0.0133174 0.6789825 0.0167096 0.7338434
238.162700 -2.1461086 0.0793933 -0.7162517 0.0148361 0.6802459 0.0129276 0.7327198
238.371000 -2.0789707 0.0771287 -0.7107905 0.0167602 0.6806760 0.0123020 0.7322894
238.579300 -2.0135622 0.0752063 -0.7046945 0.0149350 0.6804125 0.0131638 0.7325588
240.767000 -1.5393362 0.0599807 -0.6713904 0.0246230 0.6836845 0.0082364 0.7293157
241.079100 -1.5028859 0.0579196 -0.6679140 0.0222427 0.6753948 0.0073102 0.7370846
241.391100 -1.4692720 0.0562782 -0.6626302 0.0234549 0.6605473 0.0074039 0.7503814
249.311300 -1.4036921 0.0532300 -0.6444970 0.0188929 0.6261965 0.0030295 0.7794304
250.040600 -1.3936383 0.0529228 -0.6410346 0.0220993 0.6186736 -0.0011444 0.7853364
250.352700 -1.3781174 0.0523627 -0.6352702 0.0216399 0.6043749 -0.0030349 0.7964003
251.702800 -1.2520417 0.0478547 -0.5615433 0.0084682 0.3920697 -0.0040655 0.9198875
251.910600 -1.2209457 0.0463657 -0.5307781 0.0090222 0.3426493 -0.0051372 0.9394060
252.118500 -1.1921024 0.0434643 -0.4921529 0.0041275 0.2936915 -0.0019560 0.9558893
252.326600 -1.1704315 0.0428377 -0.4474320 0.0040009 0.2480025 -0.0025079 0.9687479
252.743200 -1.1269652 0.0414521 -0.3370749 0.0018735 0.1637207 0.0002089 0.9865049
252.951700 -1.1088145 0.0402223 -0.2716620 0.0039626 0.1274957 0.0068465 0.9918076
253.160200 -1.0943081 0.0392884 -0.1998222 0.0050461 0.0921640 0.0108597 0.9956718
253.264300 -1.0890235 0.0386136 -0.1614519 0.0046711 0.0755975 0.0111009 0.9970657
253.368700 -1.0851072 0.0380937 -0.1224210 0.0055621 0.0602291 0.0118794 0.9980984
254.829700 -1.0964527 0.0226364 0.5587573 0.0068771 -0.0172837 -0.0010544 0.9998264
255.351000 -1.1081622 0.0160439 0.8478090 0.0002322 -0.0217043 -0.0009589 0.9997640
255.872000 -1.1285884 0.0108136 1.1393204 0.0022551 -0.0257083 -0.0031770 0.9996619
256.288600 -1.1432897 0.0063852 1.3674181 -0.0011715 -0.0285651 -0.0037615 0.9995842
256.809300 -1.1615406 0.0005807 1.6465725 0.0047768 -0.0287363 -0.0020696 0.9995735
257.226000 -1.1751665 -0.0047877 1.8671645 -0.0034261 -0.0293094 0.0005423 0.9995643
257.642300 -1.1894984 -0.0086942 2.0836756 0.0045956 -0.0292516 0.0034080 0.9995557
258.059000 -1.2044280 -0.0139255 2.2997587 0.0024135 -0.0282538 -0.0022878 0.9995953
258.579600 -1.2219113 -0.0195243 2.5668881 0.0002617 -0.0295999 0.0009121 0.9995614
259.100300 -1.2405835 -0.0256711 2.8264532 -0.0010393 -0.0313799 -0.0009921 0.9995065
259.621100 -1.2596406 -0.0306437 3.0849140 0.0008663 -0.0329006 -0.0013153 0.9994574
260.037600 -1.2747172 -0.0348830 3.2902021 -0.0007877 -0.0338495 -0.0008857 0.9994262
260.558300 -1.2926203 -0.0393188 3.5428894 -0.0008510 -0.0317743 0.0001782 0.9994947
261.079100 -1.3094107 -0.0446016 3.7912874 0.0055426 -0.0281190 -0.0016051 0.9995880
261.600100 -1.3221858 -0.0503773 4.0393548 -0.0015898 -0.0214702 -0.0016064 0.9997669
262.120700 -1.3344234 -0.0579297 4.2768583 0.0108918 -0.0202196 -0.0001570 0.9997362
262.537300 -1.3629472 -0.0620761 4.4690928 0.0007190 -0.0203709 0.0007127 0.9997920
262.954000 -1.3856026 -0.0653369 4.6825480 -0.0044809 -0.0234915 0.0012257 0.9997132
263.266600 -1.4038613 -0.0687842 4.8269520 0.0064107 -0.0227415 0.0058491 0.9997037
263.579100 -1.4182721 -0.0745271 4.9896283 0.0054462 -0.0232885 0.0058416 0.9996969
263.787300 -1.4262314 -0.0771017 5.1031842 0.0024586 -0.0241922 0.0055909 0.9996887
263.995700 -1.4378644 -0.0802547 5.2185864 0.0043562 -0.0240614 0.0042395 0.9996920
264.204000 -1.4415760 -0.0821579 5.3364511 0.0009760 -0.0282603 0.0038026 0.9995929
264.412200 -1.4503278 -0.0844800 5.4540257 -0.0003443 -0.0299852 0.0035255 0.9995441
264.620500 -1.4624418 -0.0871195 5.5715327 0.0001986 -0.0302451 0.0027981 0.9995386
264.828700 -1.4716974 -0.0892245 5.6903338 -0.0007691 -0.0318352 0.0014714 0.9994918
265.037100 -1.4832220 -0.0913529 5.8095355 0.0002093 -0.0311375 0.0006381 0.9995149
265.245300 -1.4909732 -0.0939798 5.9265618 0.0006795 -0.0319694 0.0010484 0.9994881
265.453600 -1.5000551 -0.0959603 6.0423698 -0.0034853 -0.0333723 0.0018931 0.9994351
265.661800 -1.5117531 -0.0985474 6.1559362 -0.0034713 -0.0335554 0.0015959 0.9994295
265.870100 -1.5204517 -0.0999545 6.2717743 0.0001143 -0.0343565 0.0008280 0.9994093
266.078300 -1.5284405 -0.1025798 6.3885961 -0.0011059 -0.0334434 0.0007288 0.9994397
266.286700 -1.5367887 -0.1047605 6.5000887 -0.0015329 -0.0317906 0.0008009 0.9994931
266.495100 -1.5452453 -0.1077413 6.6106181 -0.0016945 -0.0306389 0.0002784 0.9995291
266.703500 -1.5616963 -0.1113427 6.7199640 -0.0023179 -0.0264975 -0.0011806 0.9996455
266.911700 -1.5599120 -0.1126542 6.8348055 -0.0005993 -0.0265743 -0.0009468 0.9996462
267.120100 -1.5643736 -0.1138540 6.9459591 0.0019421 -0.0245746 -0.0031513 0.9996911
267.328500 -1.5669842 -0.1162915 7.0509334 0.0026056 -0.0242326 0.0002194 0.9997029
267.536900 -1.5746124 -0.1187989 7.1528306 0.0007684 -0.0221420 0.0000789 0.9997545
267.745200 -1.5811787 -0.1216896 7.2531199 0.0069943 -0.0217623 -0.0042159 0.9997298
267.953500 -1.6050617 -0.1267606 7.3548326 0.0065913 -0.0155440 -0.0088572 0.9998182
268.161700 -1.6006799 -0.1285073 7.4647727 0.0058482 -0.0218709 -0.0078289 0.9997131
268.370100 -1.5654948 -0.1245445 7.5585432 0.0047853 -0.0344823 -0.0014961 0.9993927
268.578500 -1.5928426 -0.1309595 7.6688066 -0.0044802 -0.0308953 0.0003996 0.9995125
268.786700 -1.6023515 -0.1326526 7.7700806 -0.0059169 -0.0312070 0.0037652 0.9994884
268.995100 -1.6044747 -0.1333909 7.8600030 0.0009518 -0.0354522 0.0029992 0.9993664
269.620100 -1.6553129 -0.1509354 8.1799965 0.0027164 -0.0243109 -0.0001362 0.9997007
270.245100 -1.6670352 -0.1545592 8.5267706 0.0033806 -0.0242152 0.0004565 0.9997010
270.765900 -1.6808718 -0.1607842 8.8127804 0.0011434 -0.0226778 -0.0034400 0.9997362
271.390600 -1.6935918 -0.1651296 9.1527023 -0.0023671 -0.0234303 -0.0056476 0.9997067
272.223700 -1.7084639 -0.1726529 9.5976992 -0.0013256 -0.0213906 -0.0068325 0.9997470
272.640500 -1.7147424 -0.1760316 9.7891092 0.0008373 -0.0220379 -0.0061956 0.9997376
272.953000 -1.7193639 -0.1778082 9.9290352 0.0003272 -0.0209724 -0.0029566 0.9997756
273.265600 -1.7253428 -0.1798075 10.0663052 0.0007274 -0.0186630 0.0006642 0.9998254
273.578400 -1.7277586 -0.1821558 10.2055063 0.0016326 -0.0162175 0.0046812 0.9998562
273.890900 -1.7311569 -0.1836758 10.3441448 0.0143493 -0.0171994 0.0052403 0.9997354
274.203200 -1.7373701 -0.1878649 10.4860067 0.0109053 -0.0263004 0.0032521 0.9995893
274.515600 -1.7489165 -0.1922154 10.6231747 -0.0026306 -0.0382469 -0.0021803 0.9992625
274.724000 -1.7569675 -0.1929937 10.7168379 -0.0031818 -0.0440060 -0.0017393 0.9990247
274.932600 -1.7678152 -0.1939455 10.8122826 0.0007454 -0.0437743 -0.0065527 0.9990197
275.141200 -1.7759513 -0.1952429 10.9097004 0.0016963 -0.0409883 -0.0031661 0.9991532
275.454100 -1.7881712 -0.1978494 11.0599689 0.0063330 -0.0381843 0.0015584 0.9992495
275.662600 -1.7963122 -0.2000516 11.1630907 0.0070129 -0.0368649 0.0010739 0.9992951
275.871100 -1.8047078 -0.2024161 11.2697334 0.0033799 -0.0359809 -0.0005367 0.9993466
276.079600 -1.8132855 -0.2045673 11.3776398 0.0027606 -0.0348318 0.0022158 0.9993869
276.392200 -1.8247011 -0.2083137 11.5423851 0.0081523 -0.0346323 0.0050086 0.9993543
276.600600 -1.8340334 -0.2113979 11.6548939 0.0036489 -0.0337427 0.0025561 0.9994206
276.809000 -1.8422532 -0.2137138 11.7669315 0.0004976 -0.0336320 0.0016686 0.9994327
277.017400 -1.8511649 -0.2159471 11.8793945 0.0001093 -0.0332353 0.0007470 0.9994472
277.225700 -1.8597711 -0.2189621 11.9914141 0.0031761 -0.0328213 0.0008294 0.9994558
277.434000 -1.8679090 -0.2223208 12.1014900 0.0050354 -0.0324781 0.0006515 0.9994595
277.642400 -1.8755511 -0.2250285 12.2120199 0.0013143 -0.0322620 0.0036812 0.9994718
277.850700 -1.8832352 -0.2270323 12.3197527 0.0008041 -0.0318293 0.0010010 0.9994925
278.059100 -1.8918072 -0.2296401 12.4288168 0.0029642 -0.0310469 -0.0025674 0.9995102
278.267400 -1.8995982 -0.2324537 12.5357113 0.0018391 -0.0309457 -0.0032486 0.9995141
278.475700 -1.9067512 -0.2347188 12.6417484 -0.0010499 -0.0321281 -0.0013972 0.9994822
278.684000 -1.9135880 -0.2372396 12.7423248 0.0002911 -0.0333044 -0.0019147 0.9994434
278.892200 -1.9210148 -0.2394308 12.8415146 0.0009985 -0.0346456 -0.0028141 0.9993951
279.100400 -1.9286122 -0.2417784 12.9379854 -0.0020184 -0.0359861 -0.0027200 0.9993465
279.308600 -1.9357603 -0.2431513 13.0308199 -0.0062347 -0.0369945 -0.0028948 0.9992918
279.516900 -1.9436241 -0.2444224 13.1206102 -0.0022522 -0.0374295 -0.0036403 0.9992900
279.725100 -1.9507289 -0.2458259 13.2102261 0.0000936 -0.0380167 -0.0026117 0.9992737
279.933500 -1.9578687 -0.2475923 13.2993526 -0.0005767 -0.0381317 -0.0025842 0.9992692
280.142000 -1.9650105 -0.2492916 13.3875513 0.0010222 -0.0363871 -0.0046996 0.9993261
280.454600 -1.9753608 -0.2525894 13.5184765 0.0078616 -0.0331063 -0.0091576 0.9993789
280.663000 -1.9814183 -0.2553738 13.6068506 0.0072815 -0.0302928 -0.0116080 0.9994470
280.871400 -1.9867343 -0.2579266 13.6962385 0.0056851 -0.0270935 -0.0099047 0.9995676
281.079700 -1.9916092 -0.2604859 13.7860575 0.0043086 -0.0238517 -0.0095487 0.9996606
281.288100 -1.9966829 -0.2621057 13.8771648 0.0028035 -0.0204812 -0.0092943 0.9997430
281.600700 -2.0022957 -0.2646462 14.0159378 0.0028430 -0.0148798 -0.0116171 0.9998177
281.809300 -2.0048435 -0.2662959 14.1107817 0.0030897 -0.0109165 -0.0102073 0.9998834
282.121900 -2.0073037 -0.2692068 14.2562513 0.0083833 -0.0050448 -0.0078726 0.9999210
282.434500 -2.0078249 -0.2744312 14.4049273 0.0058426 0.0012166 -0.0082008 0.9999484
282.642900 -2.0074420 -0.2767775 14.5063725 0.0073096 0.0056239 -0.0082554 0.9999233
282.851200 -2.0060086 -0.2802420 14.6078358 0.0106118 0.0096124 -0.0085925 0.9998605
283.163700 -2.0025947 -0.2862426 14.7646694 0.0085155 0.0160419 -0.0089499 0.9997949
283.476400 -1.9961272 -0.2907359 14.9235735 0.0043127 0.0220606 -0.0078066 0.9997168
283.684800 -1.9915006 -0.2937661 15.0334911 0.0060868 0.0245704 -0.0050662 0.9996666
283.893000 -1.9868108 -0.2968466 15.1425953 0.0096209 0.0256397 -0.0053086 0.9996107
284.101200 -1.9817512 -0.3002611 15.2525206 0.0071992 0.0265342 -0.0057879 0.9996051
284.309500 -1.9756439 -0.3035578 15.3648138 0.0074288 0.0265216 -0.0039247 0.9996129
284.517700 -1.9700025 -0.3071130 15.4778843 0.0084903 0.0260250 -0.0032908 0.9996197
284.726000 -1.9647757 -0.3111891 15.5915709 0.0053700 0.0256865 -0.0025241 0.9996523
284.934100 -1.9597504 -0.3143383 15.7050686 0.0023829 0.0247687 -0.0017205 0.9996888
285.142400 -1.9554256 -0.3169205 15.8183994 0.0045991 0.0241277 -0.0016519 0.9996969
285.350500 -1.9512975 -0.3200856 15.9305210 0.0055497 0.0229893 -0.0034019 0.9997144
285.558700 -1.9467938 -0.3234840 16.0418663 0.0047724 0.0216591 -0.0039712 0.9997461
285.766900 -1.9432312 -0.3272474 16.1517944 0.0053636 0.0204235 -0.0055933 0.9997613
285.975100 -1.9400662 -0.3304705 16.2617035 0.0047256 0.0190665 -0.0064483 0.9997862
286.183400 -1.9373714 -0.3339617 16.3702774 0.0071367 0.0169958 -0.0056591 0.9998140
286.391500 -1.9346646 -0.3374415 16.4786148 0.0073853 0.0149109 -0.0021119 0.9998592
286.703900 -1.9315742 -0.3415126 16.6392841 -0.0035547 0.0133260 -0.0029569 0.9999005
287.016400 -1.9292834 -0.3450941 16.7949104 0.0049466 0.0120961 -0.0109704 0.9998543
287.328700 -1.9277457 -0.3491076 16.9510040 0.0008714 0.0113480 -0.0153044 0.9998180
287.537000 -1.9264079 -0.3515663 17.0543690 0.0008847 0.0096887 -0.0164951 0.9998165
