0.000000 0.0000000 0.0000000 0.0000000 0.0000000 0.0000000 0.0000000 1.0000000
0.208254 -0.0004705 -0.0010933 0.0666082 -0.0008822 -0.0001983 0.0008264 0.9999992
0.312504 -0.0005670 -0.0016845 0.1001208 -0.0004259 -0.0002668 0.0014917 0.9999987
0.520755 -0.0008578 -0.0027662 0.1675745 -0.0009266 -0.0002435 0.0019987 0.9999976
0.625004 -0.0009291 -0.0031846 0.2015720 -0.0013915 -0.0002335 0.0026940 0.9999954
0.833252 -0.0013713 -0.0042709 0.2698328 -0.0007260 -0.0005203 0.0018688 0.9999979
1.041630 -0.0023091 -0.0054986 0.3373381 0.0007097 -0.0003219 -0.0013793 0.9999987
1.250003 -0.0026949 -0.0068256 0.4059846 0.0002208 -0.0003353 -0.0029615 0.9999955
1.458401 -0.0027970 -0.0079621 0.4744238 -0.0021290 -0.0001353 0.0005322 0.9999976
1.666754 -0.0032027 -0.0088652 0.5428324 0.0001316 -0.0002521 0.0021161 0.9999977
1.875129 -0.0036014 -0.0102198 0.6117421 -0.0002152 0.0003001 -0.0002491 0.9999999
2.083502 -0.0036317 -0.0111315 0.6806896 -0.0029816 0.0006481 0.0006617 0.9999951
2.291881 -0.0033615 -0.0120556 0.7495809 -0.0009254 0.0004279 0.0026657 0.9999959
2.500257 -0.0036311 -0.0130188 0.8185529 0.0007784 0.0010096 0.0012471 0.9999984
2.708628 -0.0041330 -0.0146461 0.8876635 0.0014507 0.0013398 0.0001378 0.9999980
2.916881 -0.0047824 -0.0156919 0.9575115 0.0002189 0.0012051 -0.0003703 0.9999992
3.125256 -0.0051681 -0.0169769 1.0279028 0.0001595 0.0012458 -0.0028767 0.9999951
3.333502 -0.0058099 -0.0180959 1.0984027 -0.0000146 0.0011685 -0.0044652 0.9999893
3.541754 -0.0065086 -0.0193798 1.1686813 0.0002160 0.0008747 -0.0033161 0.9999941
3.750007 -0.0071452 -0.0204648 1.2391828 -0.0003597 0.0000483 -0.0033582 0.9999943
3.958276 -0.0077561 -0.0215619 1.3104212 -0.0003631 -0.0010797 -0.0036380 0.9999927
4.166506 -0.0086571 -0.0226326 1.3825526 -0.0013391 -0.0018998 -0.0028855 0.9999931
4.374756 -0.0100129 -0.0235852 1.4540797 -0.0010402 -0.0022436 -0.0006230 0.9999967
4.583132 -0.0103458 -0.0247375 1.5255191 -0.0016531 -0.0021961 0.0008861 0.9999958
4.895505 -0.0112956 -0.0265655 1.6301814 -0.0015598 -0.0015657 0.0030652 0.9999928
5.103758 -0.0123279 -0.0275934 1.7004905 -0.0012184 -0.0008247 0.0024512 0.9999959
5.416245 -0.0128182 -0.0293800 1.8053360 -0.0030288 -0.0000128 -0.0023367 0.9999927
5.624505 -0.0141550 -0.0304707 1.8759812 -0.0026119 0.0008076 -0.0064180 0.9999757
5.936757 -0.0152625 -0.0314614 1.9806011 -0.0021503 0.0013990 -0.0073070 0.9999700
6.145012 -0.0164954 -0.0330161 2.0503027 -0.0019762 0.0014592 -0.0061226 0.9999782
6.353135 -0.0162264 -0.0341772 2.1182775 -0.0018914 0.0009236 -0.0058946 0.9999804
6.561386 -0.0166910 -0.0350122 2.1862283 -0.0024954 0.0000955 -0.0055654 0.9999814
6.769636 -0.0163910 -0.0362023 2.2534287 -0.0032242 -0.0011912 -0.0036088 0.9999876
6.977759 -0.0173067 -0.0370933 2.3220067 -0.0029021 -0.0017432 -0.0018312 0.9999926
7.186013 -0.0175522 -0.0381997 2.3894627 -0.0024509 -0.0021373 -0.0016644 0.9999933
7.394135 -0.0177205 -0.0395771 2.4556999 -0.0020228 -0.0021060 -0.0017443 0.9999942
7.602386 -0.0187290 -0.0406124 2.5224688 -0.0029821 -0.0016299 -0.0026603 0.9999907
7.810511 -0.0189320 -0.0415579 2.5894616 -0.0028343 -0.0018515 -0.0030069 0.9999897
8.018763 -0.0197940 -0.0425082 2.6556280 -0.0009805 -0.0015708 -0.0026917 0.9999946
8.226883 -0.0200058 -0.0436876 2.7225425 -0.0027363 -0.0013878 -0.0005185 0.9999952
8.435138 -0.0203877 -0.0444112 2.7894683 -0.0021083 -0.0007073 0.0007080 0.9999973
8.643387 -0.0208395 -0.0454615 2.8553529 0.0002559 0.0001460 -0.0017356 0.9999985
8.851635 -0.0213404 -0.0463640 2.9214644 -0.0006270 0.0016200 -0.0040168 0.9999904
9.059886 -0.0215153 -0.0477432 2.9876938 -0.0021457 0.0026185 -0.0036683 0.9999875
9.268135 -0.0213375 -0.0484912 3.0542991 -0.0014166 0.0036995 -0.0047821 0.9999807
9.476392 -0.0213247 -0.0495436 3.1207380 -0.0007663 0.0048046 -0.0062875 0.9999684
9.684640 -0.0213417 -0.0506669 3.1873591 -0.0002220 0.0058685 -0.0066535 0.9999606
9.892888 -0.0210281 -0.0519716 3.2541890 -0.0013253 0.0067338 -0.0058777 0.9999592
10.101140 -0.0205276 -0.0529290 3.3206177 -0.0014855 0.0068431 -0.0044391 0.9999656
10.309390 -0.0203201 -0.0538094 3.3866847 -0.0016081 0.0065347 -0.0026532 0.9999738
10.517510 -0.0200527 -0.0548027 3.4530957 -0.0019389 0.0054828 -0.0014640 0.9999820
10.725760 -0.0198006 -0.0558606 3.5196071 -0.0020157 0.0043968 -0.0007516 0.9999880
10.934020 -0.0196314 -0.0570488 3.5857801 -0.0016745 0.0032515 -0.0004999 0.9999932
11.142270 -0.0193258 -0.0580105 3.6522179 -0.0001072 0.0022086 0.0033090 0.9999921
11.350520 -0.0189650 -0.0592119 3.7188432 -0.0021987 0.0009500 0.0104545 0.9999425
11.558780 -0.0190447 -0.0601854 3.7850485 0.0010308 0.0006621 0.0117832 0.9999298
11.767160 -0.0191288 -0.0617653 3.8517196 0.0020883 0.0014061 0.0101627 0.9999452
11.975390 -0.0186346 -0.0631592 3.9188328 -0.0010684 0.0018589 0.0144607 0.9998931
12.183770 -0.0181786 -0.0640269 3.9856761 -0.0015438 0.0018030 0.0169902 0.9998528
12.392020 -0.0187926 -0.0651208 4.0516891 -0.0015464 0.0031550 0.0138981 0.9998972
12.600390 -0.0182143 -0.0660799 4.1193490 -0.0001291 0.0035828 0.0106939 0.9999364
12.808640 -0.0183890 -0.0673289 4.1864552 -0.0006081 0.0038601 0.0087363 0.9999542
13.016890 -0.0183219 -0.0684894 4.2547851 0.0022494 0.0032665 0.0056323 0.9999763
13.225270 -0.0191103 -0.0698913 4.3223410 0.0023025 0.0035085 0.0007753 0.9999909
13.433520 -0.0193395 -0.0712345 4.3904729 0.0002565 0.0038844 -0.0011391 0.9999918
13.641770 -0.0192083 -0.0725201 4.4592838 -0.0003191 0.0027135 0.0013166 0.9999954
13.850020 -0.0178207 -0.0736314 4.5257382 0.0039374 0.0006802 0.0004932 0.9999919
14.058400 -0.0181078 -0.0754581 4.5939646 0.0037414 0.0002190 -0.0037537 0.9999859
14.266640 -0.0189669 -0.0766980 4.6641364 0.0011285 0.0004958 -0.0049244 0.9999871
14.474890 -0.0190074 -0.0778245 4.7324052 0.0003840 0.0004626 -0.0039083 0.9999922
14.683140 -0.0192088 -0.0786705 4.8014412 0.0003318 0.0007484 -0.0015238 0.9999985
14.891390 -0.0190448 -0.0797595 4.8696370 -0.0009795 0.0011160 0.0021184 0.9999967
15.099640 -0.0185155 -0.0811887 4.9384604 0.0010415 0.0011032 0.0027119 0.9999952
15.308020 -0.0194119 -0.0825809 5.0089192 0.0035816 0.0020400 -0.0054102 0.9999769
15.516270 -0.0199117 -0.0839406 5.0790267 0.0005659 0.0030484 -0.0096431 0.9999487
15.724520 -0.0195023 -0.0850250 5.1498775 0.0004611 0.0021355 -0.0071119 0.9999723
15.932650 -0.0194371 -0.0865081 5.2209806 0.0009469 0.0013502 -0.0061398 0.9999798
16.140900 -0.0208774 -0.0876784 5.2918725 0.0006273 0.0016795 -0.0081056 0.9999655
16.349140 -0.0201039 -0.0886488 5.3623810 0.0014936 0.0009727 -0.0072948 0.9999718
16.557390 -0.0207714 -0.0902467 5.4343491 0.0016139 0.0007637 -0.0071677 0.9999727
16.765650 -0.0213492 -0.0918951 5.5064254 0.0016905 0.0005621 -0.0072735 0.9999720
16.973770 -0.0218548 -0.0933223 5.5785537 0.0019154 0.0002231 -0.0078403 0.9999674
17.182030 -0.0226192 -0.0948238 5.6517529 0.0018871 0.0001511 -0.0076044 0.9999693
17.390270 -0.0227402 -0.0967487 5.7247205 0.0016769 0.0000224 -0.0063576 0.9999784
17.598420 -0.0232974 -0.0982348 5.7978663 0.0011189 0.0000615 -0.0053038 0.9999853
17.806640 -0.0234740 -0.0995388 5.8705359 0.0016940 0.0002329 -0.0060026 0.9999805
18.014770 -0.0246180 -0.1009026 5.9445252 0.0002970 0.0011003 -0.0063870 0.9999790
18.118900 -0.0244599 -0.1016085 5.9809556 0.0000403 0.0012317 -0.0064141 0.9999787
18.327020 -0.0247881 -0.1030483 6.0544515 0.0014533 0.0017239 -0.0066958 0.9999750
18.431150 -0.0250384 -0.1036214 6.0914884 0.0012717 0.0018603 -0.0068690 0.9999739
18.639420 -0.0252763 -0.1049687 6.1645947 0.0006147 0.0017019 -0.0070902 0.9999732
18.847540 -0.0257224 -0.1063856 6.2375474 0.0004151 0.0018001 -0.0075304 0.9999700
19.055650 -0.0258283 -0.1077748 6.3092823 0.0003875 0.0018830 -0.0086747 0.9999605
19.263770 -0.0253977 -0.1091418 6.3814073 0.0000024 0.0018001 -0.0076647 0.9999690
19.471780 -0.0255587 -0.1102468 6.4543381 0.0000107 0.0016501 -0.0056418 0.9999827
19.679910 -0.0255051 -0.1115381 6.5265365 -0.0000963 0.0018070 -0.0045747 0.9999879
19.888070 -0.0256442 -0.1127285 6.5990124 -0.0005573 0.0020871 -0.0031291 0.9999928
20.096150 -0.0262019 -0.1138621 6.6716833 0.0000999 0.0026087 -0.0030325 0.9999920
20.408270 -0.0262099 -0.1160289 6.7792826 0.0002162 0.0038712 -0.0052115 0.9999789
20.616400 -0.0266055 -0.1171788 6.8506150 0.0007266 0.0049541 -0.0054806 0.9999725
20.928690 -0.0260999 -0.1191305 6.9573326 0.0004251 0.0063169 -0.0052370 0.9999663
21.032780 -0.0257581 -0.1197665 6.9945230 0.0002852 0.0063403 -0.0047976 0.9999683
21.240880 -0.0258381 -0.1214817 7.0674210 0.0025674 0.0065503 -0.0044943 0.9999651
21.344920 -0.0251839 -0.1224321 7.1042948 0.0025848 0.0058746 -0.0045473 0.9999691
21.552900 -0.0249352 -0.1239511 7.1774750 0.0028358 0.0051381 -0.0038522 0.9999753
21.761020 -0.0248650 -0.1255706 7.2518024 0.0028171 0.0044839 -0.0038571 0.9999785
21.969150 -0.0242292 -0.1268891 7.3267107 0.0021637 0.0032324 -0.0030019 0.9999879
22.177150 -0.0241862 -0.1284739 7.4001031 0.0013114 0.0033667 -0.0042401 0.9999845
22.385270 -0.0241054 -0.1299850 7.4739962 0.0015703 0.0040813 -0.0038780 0.9999829
22.593280 -0.0234484 -0.1315591 7.5481400 0.0030890 0.0042288 -0.0023250 0.9999836
22.801400 -0.0235355 -0.1333550 7.6217299 0.0040402 0.0031154 -0.0023624 0.9999842
23.009400 -0.0239191 -0.1349251 7.6953073 0.0019937 0.0019597 -0.0033510 0.9999905
23.217420 -0.0234604 -0.1365363 7.7694468 0.0000024 0.0021766 -0.0021613 0.9999953
23.425400 -0.0234677 -0.1381053 7.8442426 0.0005940 0.0024325 -0.0010120 0.9999964
23.633550 -0.0233660 -0.1395344 7.9186754 0.0004323 0.0027094 -0.0010557 0.9999956
23.841660 -0.0230204 -0.1412121 7.9941020 0.0011347 0.0030047 -0.0022215 0.9999924
24.049650 -0.0233189 -0.1425041 8.0684175 -0.0002697 0.0036613 -0.0008707 0.9999929
24.257780 -0.0231645 -0.1443012 8.1413937 0.0002575 0.0036648 -0.0012227 0.9999925
24.465780 -0.0227269 -0.1459327 8.2151442 0.0026879 0.0029691 -0.0029230 0.9999877
24.673900 -0.0226353 -0.1477980 8.2876120 0.0006770 0.0020673 -0.0040985 0.9999892
24.882030 -0.0227063 -0.1491856 8.3605700 -0.0000936 0.0008383 -0.0047793 0.9999882
25.090170 -0.0230755 -0.1507363 8.4330254 -0.0001296 -0.0009672 -0.0040136 0.9999915
25.298280 -0.0235174 -0.1522809 8.5055332 -0.0000652 -0.0016976 -0.0030089 0.9999940
25.506530 -0.0241024 -0.1535121 8.5783186 0.0004895 -0.0019008 -0.0022919 0.9999955
25.714650 -0.0246092 -0.1549895 8.6507950 0.0008463 -0.0019173 -0.0018294 0.9999961
25.922780 -0.0250455 -0.1564716 8.7222424 0.0011650 -0.0020903 -0.0013670 0.9999962
26.130900 -0.0249913 -0.1585949 8.7935486 0.0018491 -0.0024263 -0.0005596 0.9999952
26.339150 -0.0253835 -0.1598412 8.8642178 0.0008883 -0.0024720 0.0002550 0.9999965
26.547800 -0.0261227 -0.1608735 8.9360199 0.0019859 -0.0022184 -0.0000911 0.9999956
26.757930 -0.0265994 -0.1626017 9.0074291 0.0009860 -0.0019332 -0.0017008 0.9999962
26.963660 -0.0271307 -0.1643377 9.0790577 0.0014477 -0.0015426 -0.0025623 0.9999945
27.171920 -0.0274931 -0.1657302 9.1506596 0.0018126 -0.0012164 -0.0028158 0.9999936
27.380140 -0.0281642 -0.1670839 9.2230511 0.0016103 -0.0008279 -0.0042238 0.9999894
27.588410 -0.0283009 -0.1686232 9.2954092 0.0022974 -0.0008378 -0.0053008 0.9999830
27.796540 -0.0282450 -0.1697395 9.3664179 0.0020811 -0.0005564 -0.0062943 0.9999779
28.005230 -0.0288637 -0.1708348 9.4387636 0.0024130 -0.0004213 -0.0067705 0.9999741
28.108940 -0.0291890 -0.1713515 9.4749365 0.0025179 -0.0002497 -0.0068807 0.9999731
