0.000000 -1.0849634 0.0968480 -0.7505846 -0.0003143 -0.0037468 -0.0016563 0.9999915
0.104228 -1.0842903 0.0962288 -0.7222747 0.0000738 -0.0048857 -0.0006504 0.9999878
0.208477 -1.0847971 0.0955549 -0.6942582 0.0007835 -0.0054436 -0.0004572 0.9999847
0.938359 -1.0887012 0.0910782 -0.4958540 0.0048658 -0.0108171 0.0026336 0.9999262
1.042605 -1.0898426 0.0902041 -0.4663175 0.0067478 -0.0113909 0.0016816 0.9999110
1.146853 -1.0936083 0.0894128 -0.4376167 0.0086054 -0.0104431 0.0008025 0.9999081
1.772352 -1.0971470 0.0860841 -0.2374846 0.0008294 -0.0153254 -0.0044896 0.9998721
1.876603 -1.0982718 0.0861072 -0.2021099 0.0038444 -0.0160361 -0.0042874 0.9998548
2.085105 -1.1006954 0.0855682 -0.1272223 -0.0015757 -0.0169215 -0.0027669 0.9998518
2.293607 -1.1036626 0.0851313 -0.0489022 -0.0065033 -0.0174379 -0.0019860 0.9998248
3.127481 -1.1189567 0.0822415 0.2923989 0.0057392 -0.0147537 -0.0000721 0.9998747
3.544357 -1.1286180 0.0770554 0.4809859 0.0078467 -0.0147461 -0.0047228 0.9998493
3.752729 -1.1303843 0.0738286 0.5789613 0.0078052 -0.0167209 -0.0056610 0.9998137
3.961233 -1.1348449 0.0706207 0.6777008 0.0061398 -0.0170627 -0.0063670 0.9998153
4.169606 -1.1395625 0.0677914 0.7762308 0.0059479 -0.0175204 -0.0066705 0.9998066
4.377982 -1.1436391 0.0651997 0.8812889 0.0060686 -0.0180876 -0.0071565 0.9997924
4.586357 -1.1479241 0.0630850 0.9854746 0.0029529 -0.0190430 -0.0072319 0.9997882
4.898858 -1.1610273 0.0599090 1.1494867 0.0023887 -0.0186858 -0.0067023 0.9998001
5.107234 -1.1639870 0.0573047 1.2589003 0.0017940 -0.0208278 -0.0066215 0.9997596
5.315611 -1.1700200 0.0560856 1.3585413 -0.0002526 -0.0218021 -0.0068603 0.9997388
5.628235 -1.1802387 0.0528432 1.5011097 0.0036267 -0.0215120 -0.0091437 0.9997202
5.836733 -1.1855674 0.0504023 1.5931697 0.0022485 -0.0212487 -0.0097883 0.9997238
6.045107 -1.1888984 0.0480450 1.6933370 0.0004597 -0.0217898 -0.0095360 0.9997170
6.253481 -1.1940402 0.0465847 1.8145584 0.0021593 -0.0224544 -0.0089351 0.9997056
6.461983 -1.1992704 0.0440342 1.9215348 0.0044664 -0.0224132 -0.0085445 0.9997023
6.670359 -1.2049534 0.0412162 2.0281463 0.0070688 -0.0222514 -0.0069134 0.9997035
6.982859 -1.2128434 0.0369699 2.1895027 0.0000149 -0.0221928 -0.0050273 0.9997411
7.191236 -1.2176713 0.0350622 2.2954359 0.0011834 -0.0222076 -0.0023598 0.9997499
7.399507 -1.2225729 0.0326346 2.4014060 0.0046958 -0.0224683 -0.0026252 0.9997331
7.712108 -1.2318225 0.0280404 2.5581863 0.0053384 -0.0217723 -0.0064262 0.9997280
7.920378 -1.2379991 0.0250300 2.6651418 0.0038506 -0.0216982 -0.0071949 0.9997312
8.128736 -1.2430816 0.0226860 2.7718537 0.0028505 -0.0219439 -0.0057973 0.9997383
8.336986 -1.2489332 0.0199999 2.8778970 0.0008596 -0.0222401 -0.0044608 0.9997423
8.545359 -1.2537876 0.0176014 2.9835930 0.0034176 -0.0231279 -0.0042145 0.9997178
8.753612 -1.2585659 0.0146051 3.0887733 0.0034824 -0.0241630 -0.0055818 0.9996864
8.961860 -1.2649328 0.0125527 3.1940668 -0.0004628 -0.0244685 -0.0069332 0.9996765
9.170238 -1.2713096 0.0103614 3.2978721 0.0001837 -0.0250569 -0.0073108 0.9996593
9.378487 -1.2772528 0.0079827 3.4000652 0.0005013 -0.0256304 -0.0067267 0.9996487
9.586735 -1.2820203 0.0055589 3.5003839 -0.0004945 -0.0269784 -0.0052401 0.9996222
9.794986 -1.2876147 0.0031591 3.5968390 -0.0024648 -0.0280103 -0.0046068 0.9995940
10.003370 -1.2938820 0.0013315 3.6881640 -0.0022508 -0.0308410 -0.0036892 0.9995149
10.211610 -1.3005544 -0.0003455 3.7742279 -0.0019180 -0.0341654 -0.0033951 0.9994086
10.419890 -1.3073210 -0.0021955 3.8570898 -0.0031312 -0.0374352 -0.0044952 0.9992840
10.836610 -1.3224138 -0.0048307 4.0042424 -0.0037234 -0.0422485 -0.0078503 0.9990693
11.045010 -1.3281094 -0.0063399 4.0713611 -0.0000006 -0.0458922 -0.0093705 0.9989024
11.462110 -1.3441598 -0.0089849 4.1851025 0.0011224 -0.0435609 -0.0147160 0.9989417
11.670740 -1.3524514 -0.0105163 4.2334328 -0.0006878 -0.0352352 -0.0158497 0.9992531
12.506120 -1.3592520 -0.0151597 4.3972154 0.0046196 0.0381287 -0.0099901 0.9992122
12.819860 -1.3436705 -0.0171986 4.4570112 0.0069724 0.0849813 -0.0062422 0.9963386
13.551240 -1.2848045 -0.0215035 4.5726528 0.0082569 0.2354120 -0.0040399 0.9718522
13.760010 -1.2651083 -0.0230814 4.6023417 0.0112536 0.2855799 -0.0042861 0.9582793
13.968740 -1.2422299 -0.0243824 4.6300697 0.0145726 0.3370909 -0.0083437 0.9413223
14.177490 -1.2151080 -0.0260554 4.6548605 0.0157515 0.3892949 -0.0098711 0.9209256
14.386120 -1.1834745 -0.0275779 4.6766663 0.0145639 0.4402169 -0.0072877 0.8977438
14.594740 -1.1485376 -0.0291279 4.6957679 0.0123546 0.4906049 -0.0057377 0.8712757
14.803370 -1.1111997 -0.0311055 4.7110572 0.0096083 0.5400298 -0.0047647 0.8415775
15.220240 -1.0278565 -0.0351170 4.7314782 0.0145949 0.6214234 -0.0073193 0.7833048
15.428120 -0.9807552 -0.0367327 4.7375178 0.0192401 0.6475204 -0.0038167 0.7617956
15.636010 -0.9293477 -0.0386714 4.7437763 0.0138903 0.6680480 -0.0050093 0.7439716
15.843870 -0.8737484 -0.0409608 4.7465758 0.0108758 0.6848705 -0.0030131 0.7285774
16.051740 -0.8139694 -0.0431662 4.7467895 0.0164197 0.6984482 0.0005538 0.7154720
16.259530 -0.7497118 -0.0450368 4.7473450 0.0187873 0.7075117 -0.0038780 0.7064412
16.467120 -0.6800771 -0.0475310 4.7464290 0.0204710 0.7107218 0.0003746 0.7031752
16.674850 -0.6069326 -0.0500814 4.7465878 0.0199000 0.7099478 0.0011862 0.7039720
16.882610 -0.5290096 -0.0529156 4.7469773 0.0188893 0.7090154 -0.0009609 0.7049393
17.090490 -0.4473777 -0.0563381 4.7475033 0.0186577 0.7084965 -0.0013394 0.7054664
17.298620 -0.3627330 -0.0595751 4.7480416 0.0178546 0.7081857 -0.0002895 0.7058003
17.506740 -0.2771805 -0.0629241 4.7478924 0.0157566 0.7087597 0.0004314 0.7052738
17.819120 -0.1442751 -0.0676390 4.7476349 0.0149434 0.7100680 0.0034614 0.7039660
18.027490 -0.0532463 -0.0703033 4.7483463 0.0141234 0.7112810 -0.0003431 0.7027658
18.339870 0.0851701 -0.0750554 4.7476616 0.0150313 0.7125880 -0.0025501 0.7014170
18.652370 0.2275387 -0.0803263 4.7471843 0.0068448 0.7134939 -0.0000817 0.7006280
18.964900 0.3649736 -0.0851469 4.7457352 0.0137503 0.7128179 -0.0051644 0.7011953
19.173270 0.4560923 -0.0887243 4.7452760 0.0145651 0.7124081 -0.0039981 0.7016028
19.381800 0.5477138 -0.0924285 4.7443328 0.0122799 0.7120500 0.0014266 0.7020200
19.590340 0.6377957 -0.0958975 4.7437763 0.0112948 0.7125575 -0.0006172 0.7015225
19.798650 0.7272732 -0.0991541 4.7432380 0.0101929 0.7141306 -0.0017180 0.6999361
20.007130 0.8159724 -0.1024326 4.7416773 0.0097104 0.7156230 -0.0028223 0.6984136
20.215660 0.9033822 -0.1059262 4.7399521 0.0081959 0.7171964 -0.0026114 0.6968180
20.424610 0.9885091 -0.1087142 4.7379270 0.0087028 0.7185469 -0.0031422 0.6954169
20.633120 1.0734034 -0.1118732 4.7357998 0.0092082 0.7194297 -0.0018358 0.6945018
20.841310 1.1564894 -0.1152150 4.7330484 0.0082959 0.7203687 -0.0018222 0.6935393
21.049750 1.2374970 -0.1181240 4.7310147 0.0063367 0.7212672 -0.0021904 0.6926244
21.258280 1.3148816 -0.1208836 4.7283893 0.0074263 0.7216176 -0.0027999 0.6922463
21.466850 1.3910533 -0.1238341 4.7260489 0.0083737 0.7217689 -0.0049578 0.6920657
21.675510 1.4664435 -0.1268838 4.7235975 0.0090909 0.7218794 -0.0045222 0.6919444
21.883890 1.5419519 -0.1297956 4.7213917 0.0077235 0.7222124 -0.0056046 0.6916055
22.092530 1.6149707 -0.1329512 4.7188330 0.0074433 0.7220986 -0.0050967 0.6917313
22.405410 1.7248634 -0.1374510 4.7141843 0.0043441 0.7254625 -0.0069792 0.6882126
22.614140 1.7971987 -0.1396206 4.7097011 0.0087601 0.7297566 -0.0073745 0.6836112
22.822680 1.8701243 -0.1425002 4.7049947 0.0074770 0.7344351 -0.0092650 0.6785746
23.031260 1.9440547 -0.1454079 4.6992502 0.0064274 0.7378303 -0.0100690 0.6748806
23.343940 2.0584204 -0.1495604 4.6896300 0.0043852 0.7409357 -0.0071800 0.6715233
23.552380 2.1368487 -0.1521478 4.6826048 0.0028446 0.7420221 -0.0064804 0.6703380
23.865000 2.2565758 -0.1563607 4.6704769 0.0121110 0.7426093 -0.0056108 0.6695919
24.177660 2.3778923 -0.1609089 4.6585121 0.0100662 0.7429646 -0.0035165 0.6692457
24.490410 2.4988091 -0.1655280 4.6462421 0.0095788 0.7439823 -0.0028188 0.6681247
24.698880 2.5778165 -0.1686501 4.6383319 0.0097002 0.7455322 -0.0029956 0.6663923
25.012020 2.6985624 -0.1727367 4.6252012 0.0091163 0.7474766 -0.0038143 0.6642146
25.324430 2.8212171 -0.1768937 4.6118679 0.0096558 0.7488067 -0.0050265 0.6626990
25.637140 2.9466417 -0.1811140 4.5973482 0.0063759 0.7501059 -0.0042861 0.6612731
25.845770 3.0316422 -0.1838284 4.5871162 0.0070687 0.7515425 -0.0034935 0.6596376
26.054250 3.1171145 -0.1865278 4.5761943 0.0090406 0.7527574 -0.0049031 0.6582177
26.262800 3.2028303 -0.1896412 4.5646791 0.0128245 0.7532156 -0.0066064 0.6576155
26.471270 3.2907896 -0.1932521 4.5530105 0.0147143 0.7530525 -0.0046626 0.6577793
26.679760 3.3795726 -0.1966867 4.5417042 0.0136562 0.7528172 -0.0033345 0.6580795
26.888310 3.4689622 -0.2000315 4.5302811 0.0113654 0.7517090 -0.0016117 0.6593951
27.096690 3.5591478 -0.2032646 4.5194373 0.0100171 0.7505717 -0.0005297 0.6607128
27.305190 3.6494069 -0.2064165 4.5086999 0.0139944 0.7495052 -0.0038507 0.6618394
27.513640 3.7407761 -0.2098743 4.4983516 0.0129288 0.7485372 -0.0057825 0.6629415
27.722410 3.8322256 -0.2136227 4.4881945 0.0120891 0.7481185 -0.0036857 0.6634448
27.930640 3.9230092 -0.2171019 4.4786811 0.0112501 0.7478999 -0.0044135 0.6637015
28.243410 4.0595212 -0.2225115 4.4621263 0.0132569 0.7468903 -0.0010894 0.6648142
28.556140 4.1944809 -0.2275547 4.4482546 0.0106130 0.7464166 -0.0036842 0.6653841
28.764800 4.2835078 -0.2311086 4.4393497 0.0073180 0.7469059 -0.0061796 0.6648608
29.077510 4.4143262 -0.2366089 4.4250407 0.0088831 0.7476931 -0.0101171 0.6639080
29.390270 4.5433311 -0.2429947 4.4101138 0.0112623 0.7482259 -0.0098661 0.6632751
29.598790 4.6274419 -0.2467681 4.4010854 0.0110723 0.7489666 -0.0114198 0.6624168
29.807270 4.7101436 -0.2514460 4.3914356 0.0102613 0.7508249 -0.0121111 0.6603106
30.015910 4.7912874 -0.2555813 4.3810172 0.0109076 0.7529156 -0.0143719 0.6578698
30.224420 4.8718734 -0.2598628 4.3706317 0.0109064 0.7551174 -0.0133531 0.6553628
30.432920 4.9516702 -0.2646298 4.3597465 0.0115583 0.7565813 -0.0165409 0.6535882
30.745760 5.0694122 -0.2716699 4.3430009 0.0155735 0.7590358 -0.0181500 0.6506095
30.954260 5.1480560 -0.2769434 4.3314304 0.0112715 0.7610104 -0.0153473 0.6484602
31.162620 5.2246556 -0.2814458 4.3197303 0.0124289 0.7624384 -0.0189046 0.6466652
31.371140 5.3006105 -0.2866760 4.3071818 0.0158736 0.7638327 -0.0201142 0.6449054
31.683900 5.4136510 -0.2940782 4.2890301 0.0177951 0.7662919 -0.0214016 0.6418894
31.892590 5.4875073 -0.2996418 4.2749119 0.0180523 0.7694510 -0.0170021 0.6382243
32.101220 5.5608096 -0.3046381 4.2614574 0.0168413 0.7744177 -0.0176705 0.6322036
32.309930 5.6327925 -0.3095350 4.2458553 0.0171822 0.7815608 -0.0183033 0.6233237
32.518590 5.7033663 -0.3142763 4.2287798 0.0186622 0.7893467 -0.0172673 0.6134210
32.727140 5.7730522 -0.3190744 4.2095451 0.0209156 0.7961834 -0.0145053 0.6045197
32.935760 5.8418002 -0.3240355 4.1889939 0.0241508 0.8014203 -0.0105165 0.5975213
33.144180 5.9104562 -0.3281432 4.1683254 0.0247461 0.8049522 -0.0084920 0.5927625
33.352510 5.9775519 -0.3321539 4.1465926 0.0274993 0.8059288 -0.0015593 0.5913714
33.560850 6.0437155 -0.3359674 4.1259904 0.0301426 0.8061150 -0.0014201 0.5909891
33.769250 6.1090217 -0.3394963 4.1059484 0.0320036 0.8054520 -0.0018997 0.5917932
33.977780 6.1736403 -0.3435109 4.0861444 0.0316260 0.8043806 0.0010961 0.5932710
34.185940 6.2365785 -0.3473716 4.0675936 0.0331091 0.8032655 0.0007072 0.5946999
34.394020 6.2987976 -0.3510603 4.0495133 0.0342110 0.8002647 0.0013432 0.5986687
34.602300 6.3607478 -0.3549188 4.0324407 0.0333573 0.7971792 0.0032689 0.6028117
34.810660 6.4213328 -0.3585007 4.0165515 0.0329977 0.7948196 0.0045076 0.6059312
35.019540 6.4806204 -0.3614271 4.0005140 0.0336895 0.7923649 0.0077751 0.6090668
35.227510 6.5381279 -0.3650745 3.9858193 0.0321674 0.7901475 0.0064485 0.6120380
35.436220 6.5949163 -0.3679433 3.9720075 0.0353139 0.7869056 0.0047196 0.6160439
35.644150 6.6517730 -0.3709974 3.9596996 0.0338847 0.7822109 0.0031358 0.6220837
35.852390 6.7078090 -0.3742048 3.9483695 0.0331582 0.7747859 0.0043762 0.6313385
36.060640 6.7628913 -0.3776468 3.9395428 0.0325340 0.7655271 0.0048237 0.6425624
36.268770 6.8187785 -0.3807133 3.9327712 0.0317932 0.7525279 0.0044770 0.6577772
36.581010 6.9013195 -0.3858296 3.9289095 0.0278136 0.7307332 -0.0020648 0.6820933
36.789390 6.9558592 -0.3889635 3.9288766 0.0234684 0.7189298 -0.0070803 0.6946503
37.102920 7.0370221 -0.3937185 3.9293838 0.0127909 0.7170381 -0.0126824 0.6968012
37.311660 7.0899873 -0.3965559 3.9267142 0.0100501 0.7259583 -0.0118298 0.6875635
37.625170 7.1679740 -0.4006521 3.9198797 0.0093481 0.7391322 -0.0106991 0.6734105
37.938540 7.2438488 -0.4039190 3.9098060 0.0083679 0.7554408 -0.0098862 0.6550888
38.251530 7.3170228 -0.4072422 3.8964868 0.0069974 0.7692155 -0.0083254 0.6388969
38.564400 7.3870344 -0.4101712 3.8808978 0.0109282 0.7798837 -0.0065716 0.6257945
38.876940 7.4562902 -0.4126820 3.8648024 0.0111545 0.7847211 -0.0060785 0.6197188
39.189420 7.5238867 -0.4159988 3.8483243 0.0123542 0.7858723 -0.0037375 0.6182541
39.502140 7.5923839 -0.4183714 3.8318965 0.0133972 0.7890016 -0.0064169 0.6142116
39.815010 7.6629524 -0.4216061 3.8134019 0.0130113 0.7941726 -0.0054348 0.6075287
40.128060 7.7370238 -0.4246139 3.7926254 0.0143426 0.7995096 -0.0066450 0.6004452
40.440800 7.8131852 -0.4283194 3.7690227 0.0182306 0.8042235 -0.0037727 0.5940353
40.753570 7.8910146 -0.4318156 3.7447217 0.0155374 0.8075299 -0.0013876 0.5896203
41.066270 7.9706731 -0.4348420 3.7189770 0.0156376 0.8093729 0.0026688 0.5870808
41.378780 8.0494986 -0.4375206 3.6937613 0.0179839 0.8088103 0.0021773 0.5877906
42.003780 8.2013397 -0.4441621 3.6470082 0.0201179 0.8033864 0.0012371 0.5951168
42.316180 8.2710629 -0.4466119 3.6270034 0.0189219 0.7994320 0.0027777 0.6004521
42.628660 8.3336830 -0.4494299 3.6103003 0.0170957 0.7925680 0.0074735 0.6094980
43.252900 8.4459257 -0.4535788 3.5901494 0.0197043 0.7576348 0.0028930 0.6523749
43.565080 8.5003519 -0.4555439 3.5886674 0.0138374 0.7268299 0.0000727 0.6866781
43.773070 8.5358200 -0.4568068 3.5909889 0.0083282 0.7051384 -0.0013662 0.7090195
43.981040 8.5707750 -0.4580403 3.5951312 0.0050276 0.6823797 0.0000713 0.7309806
44.397150 8.6383886 -0.4598112 3.6107285 0.0046550 0.6289839 -0.0017077 0.7774025
44.605140 8.6720867 -0.4607688 3.6229713 0.0060844 0.5964749 -0.0025570 0.8026046
44.813580 8.7054043 -0.4617111 3.6396616 0.0053352 0.5595101 -0.0091462 0.8287559
45.229310 8.7735043 -0.4642364 3.6836257 0.0123546 0.4761941 -0.0082091 0.8792151
45.437440 8.8085375 -0.4661563 3.7138319 0.0089163 0.4324187 -0.0102444 0.9015706
45.645680 8.8417721 -0.4682157 3.7493579 0.0067182 0.3876434 -0.0116722 0.9217110
46.062500 8.9087124 -0.4715235 3.8385239 0.0065676 0.3036473 -0.0098219 0.9527112
46.271110 8.9405031 -0.4729416 3.8919401 0.0048855 0.2691149 -0.0103403 0.9630402
46.479940 8.9714785 -0.4740776 3.9516637 0.0018253 0.2416132 -0.0100030 0.9703194
46.688930 9.0015240 -0.4753079 4.0163136 -0.0001609 0.2214284 -0.0077406 0.9751459
46.897820 9.0320778 -0.4765246 4.0851402 0.0003304 0.2037457 -0.0034767 0.9790176
47.106530 9.0607424 -0.4777867 4.1585493 0.0008249 0.1863403 -0.0018970 0.9824831
47.315280 9.0884533 -0.4785825 4.2369623 0.0008115 0.1710633 -0.0025031 0.9852566
47.524300 9.1152658 -0.4799016 4.3185120 -0.0010377 0.1645686 -0.0054661 0.9863499
47.733280 9.1432505 -0.4811911 4.4030409 -0.0016554 0.1636174 -0.0052275 0.9865086
47.942180 9.1733017 -0.4826791 4.4907289 -0.0004311 0.1634616 -0.0029226 0.9865453
48.150840 9.2046165 -0.4838994 4.5823355 0.0000500 0.1636957 -0.0025933 0.9865075
48.359390 9.2362356 -0.4851557 4.6767011 -0.0019657 0.1646287 -0.0020597 0.9863515
48.567920 9.2683954 -0.4866941 4.7711091 -0.0025143 0.1653710 -0.0009240 0.9862278
48.776450 9.3016148 -0.4876016 4.8671556 -0.0023179 0.1655976 0.0006529 0.9861904
48.985000 9.3343410 -0.4892151 4.9622250 -0.0044770 0.1658810 0.0024897 0.9861325
49.193280 9.3675318 -0.4905532 5.0572252 -0.0037959 0.1656652 0.0042279 0.9861657
49.505980 9.4173450 -0.4925275 5.2010446 -0.0020333 0.1645258 0.0048353 0.9863588
49.818560 9.4658480 -0.4950081 5.3439507 -0.0030118 0.1627721 0.0046940 0.9866479
50.131080 9.5135441 -0.4970484 5.4866705 -0.0028139 0.1604982 0.0043464 0.9870226
50.443670 9.5599289 -0.4989955 5.6281185 -0.0042532 0.1580236 0.0060195 0.9874078
50.756210 9.6056557 -0.5007111 5.7677808 -0.0038933 0.1549571 0.0071218 0.9878879
51.068710 9.6492577 -0.5018479 5.9036665 -0.0061666 0.1516289 0.0077345 0.9883880
51.382890 9.6885681 -0.5029531 6.0330887 -0.0043729 0.1481498 0.0075475 0.9889265
51.693900 9.7247667 -0.5048980 6.1539221 -0.0030324 0.1442169 0.0061636 0.9895223
52.006530 9.7571087 -0.5061837 6.2670078 -0.0072457 0.1380601 0.0066188 0.9903752
52.319330 9.7834568 -0.5079974 6.3686409 -0.0059536 0.1329677 0.0054000 0.9910878
52.632080 9.8083277 -0.5097113 6.4602871 -0.0036449 0.1308398 0.0029698 0.9913924
52.944900 9.8293371 -0.5113656 6.5410194 -0.0017153 0.1295806 0.0021648 0.9915650
53.257570 9.8487387 -0.5128406 6.6168666 -0.0018667 0.1250536 0.0024981 0.9921451
53.570100 9.8657827 -0.5145571 6.6905069 -0.0015640 0.1091269 0.0056596 0.9940105
53.985990 9.8781910 -0.5165949 6.7839136 -0.0017325 0.0604326 0.0039799 0.9981629
54.297670 9.8776512 -0.5172589 6.8523207 -0.0047174 0.0057709 0.0025925 0.9999689
54.609440 9.8669863 -0.5182168 6.9167438 -0.0065552 -0.0602198 -0.0051104 0.9981505
54.921310 9.8485794 -0.5178706 6.9777718 -0.0117197 -0.1362245 -0.0067002 0.9905860
55.129370 9.8313227 -0.5177761 7.0146236 -0.0157856 -0.1905528 -0.0072496 0.9815233
55.337310 9.8103256 -0.5176516 7.0486445 -0.0175146 -0.2476484 -0.0101281 0.9686387
55.441330 9.7983561 -0.5174417 7.0647755 -0.0179853 -0.2765131 -0.0118646 0.9607686
55.545500 9.7855463 -0.5170549 7.0801625 -0.0182557 -0.3052935 -0.0124706 0.9520016
55.649410 9.7717905 -0.5168146 7.0946522 -0.0199847 -0.3339712 -0.0114328 0.9423020
55.857760 9.7417154 -0.5155576 7.1205554 -0.0235911 -0.3894711 -0.0096152 0.9206863
56.066000 9.7088318 -0.5144827 7.1415639 -0.0265024 -0.4425167 -0.0093868 0.8963194
56.274310 9.6724634 -0.5135596 7.1583695 -0.0259203 -0.4929229 -0.0124008 0.8695984
56.482840 9.6357021 -0.5122651 7.1708951 -0.0222776 -0.5407329 -0.0145251 0.8407739
56.691300 9.5988407 -0.5110518 7.1795869 -0.0200371 -0.5824274 -0.0147257 0.8125023
56.900200 9.5605583 -0.5102423 7.1860166 -0.0166665 -0.6160048 -0.0166579 0.7873899
57.109200 9.5190468 -0.5084484 7.1922793 -0.0195569 -0.6412635 -0.0117812 0.7669809
57.318320 9.4728394 -0.5071344 7.1973610 -0.0211196 -0.6595132 -0.0131352 0.7512814
57.527320 9.4226246 -0.5055963 7.1999607 -0.0201299 -0.6721345 -0.0179959 0.7399366
57.736570 9.3681679 -0.5038057 7.2032123 -0.0203577 -0.6833116 -0.0137904 0.7297128
57.945060 9.3095026 -0.5013850 7.2056913 -0.0202455 -0.6959777 -0.0080784 0.7177324
58.467090 9.1404219 -0.4958907 7.1991429 -0.0182354 -0.7186974 -0.0160288 0.6948990
58.780440 9.0254049 -0.4915509 7.1933436 -0.0166303 -0.7225963 -0.0188626 0.6908127
59.093910 8.9016533 -0.4867250 7.1862378 -0.0104743 -0.7202089 -0.0241950 0.6932561
59.407510 8.7709589 -0.4825497 7.1820207 -0.0079805 -0.7105346 -0.0276810 0.7030723
59.616490 8.6780405 -0.4788047 7.1826606 -0.0061266 -0.7036799 -0.0291033 0.7098944
59.824920 8.5814848 -0.4751642 7.1845012 -0.0045723 -0.6961913 -0.0307066 0.7171847
60.137820 8.4301834 -0.4691543 7.1925716 -0.0052894 -0.6852014 -0.0334889 0.7275641
60.450550 8.2777786 -0.4637802 7.2053003 -0.0062355 -0.6762758 -0.0350341 0.7357885
60.763240 8.1259222 -0.4579303 7.2195306 -0.0072050 -0.6718036 -0.0333560 0.7399428
61.075690 7.9723253 -0.4523862 7.2345624 -0.0065432 -0.6705125 -0.0331428 0.7411287
61.388180 7.8184218 -0.4469323 7.2500863 -0.0060461 -0.6696813 -0.0338614 0.7418516
61.700910 7.6642027 -0.4411620 7.2650151 -0.0049591 -0.6699736 -0.0348594 0.7415495
62.013230 7.5104957 -0.4362393 7.2797294 -0.0040942 -0.6708094 -0.0347077 0.7408059
62.325700 7.3560891 -0.4304579 7.2947440 -0.0060068 -0.6716109 -0.0366301 0.7399737
62.638450 7.2037468 -0.4244752 7.3097277 -0.0051836 -0.6714612 -0.0369557 0.7400995
62.849550 7.1018987 -0.4203500 7.3195896 -0.0053918 -0.6702877 -0.0375004 0.7411337
63.472300 6.8027582 -0.4094477 7.3505597 -0.0037862 -0.6685428 -0.0375155 0.7427171
63.785050 6.6557260 -0.4040309 7.3659687 -0.0049390 -0.6677957 -0.0378367 0.7433659
63.993600 6.5583854 -0.4001205 7.3764882 -0.0044171 -0.6677660 -0.0367713 0.7434493
64.202080 6.4607291 -0.3966806 7.3865790 -0.0031009 -0.6674336 -0.0356764 0.7438078
64.619620 6.2632089 -0.3894109 7.4078641 -0.0036555 -0.6662292 -0.0359906 0.7448691
64.827560 6.1641893 -0.3860104 7.4197550 -0.0059523 -0.6656959 -0.0350087 0.7453777
65.035920 6.0637441 -0.3819997 7.4303613 -0.0066090 -0.6648147 -0.0359329 0.7461143
65.244430 5.9634109 -0.3781399 7.4420376 -0.0048639 -0.6646516 -0.0326809 0.7464225
65.453010 5.8623972 -0.3747936 7.4533401 -0.0037538 -0.6649402 -0.0337255 0.7461253
65.765550 5.7088790 -0.3694097 7.4696455 -0.0060112 -0.6683465 -0.0325167 0.7431147
65.973960 5.6059637 -0.3654163 7.4793773 -0.0060053 -0.6719046 -0.0326882 0.7398917
66.182330 5.5015645 -0.3616878 7.4879918 -0.0066216 -0.6758349 -0.0341775 0.7362304
66.390840 5.3964119 -0.3576131 7.4949613 -0.0049169 -0.6786539 -0.0342648 0.7336420
66.599380 5.2912025 -0.3538384 7.5021181 -0.0020647 -0.6795846 -0.0325923 0.7328699
66.807680 5.1856704 -0.3504773 7.5097871 -0.0042784 -0.6803927 -0.0305071 0.7322000
67.017940 5.0787101 -0.3477223 7.5176096 -0.0076338 -0.6810901 -0.0314135 0.7314857
67.328970 4.9195423 -0.3416875 7.5282764 -0.0092447 -0.6818323 -0.0342034 0.7306499
67.850040 4.6556482 -0.3319367 7.5450354 -0.0070506 -0.6829226 -0.0342520 0.7296532
68.058600 4.5507178 -0.3278926 7.5512705 -0.0066369 -0.6832114 -0.0340292 0.7293971
68.371230 4.3938222 -0.3216902 7.5603757 -0.0059468 -0.6832609 -0.0339865 0.7293587
68.892240 4.1333928 -0.3125354 7.5769439 -0.0060166 -0.6831638 -0.0349004 0.7294059
69.100450 4.0287766 -0.3084767 7.5828857 -0.0055669 -0.6830769 -0.0351799 0.7294774
69.308840 3.9248924 -0.3042584 7.5892329 -0.0069214 -0.6831645 -0.0366605 0.7293109
69.517240 3.8207204 -0.3001344 7.5952897 -0.0062245 -0.6835449 -0.0365351 0.7289670
69.829670 3.6651750 -0.2934606 7.6039500 -0.0047627 -0.6841432 -0.0390390 0.7282866
70.142350 3.5115335 -0.2875266 7.6121674 0.0019669 -0.6833789 -0.0387858 0.7290303
70.454920 3.3575368 -0.2819752 7.6229606 -0.0006596 -0.6811307 -0.0404478 0.7310435
70.663330 3.2551236 -0.2779619 7.6303835 -0.0026406 -0.6795734 -0.0405583 0.7324808
70.976260 3.1011262 -0.2716666 7.6427755 -0.0023816 -0.6773336 -0.0413284 0.7345104
71.288550 2.9468622 -0.2659623 7.6559553 0.0009593 -0.6761937 -0.0382004 0.7357323
71.705330 2.7400775 -0.2587520 7.6739659 -0.0026456 -0.6762673 -0.0372998 0.7357066
71.913580 2.6374011 -0.2544487 7.6824570 -0.0033526 -0.6771469 -0.0365117 0.7349339
72.538690 2.3356857 -0.2425792 7.7067757 -0.0029557 -0.6774350 -0.0327708 0.7348464
72.747080 2.2340684 -0.2390406 7.7147379 -0.0064147 -0.6773199 -0.0345053 0.7348509
72.955480 2.1331460 -0.2352886 7.7227602 -0.0073101 -0.6783406 -0.0346120 0.7338955
73.267990 1.9815968 -0.2287344 7.7339525 -0.0091486 -0.6811821 -0.0341012 0.7312622
73.580420 1.8303818 -0.2223408 7.7434459 -0.0095771 -0.6847276 -0.0319989 0.7280333
73.788870 1.7292243 -0.2183402 7.7486143 -0.0090292 -0.6863658 -0.0319964 0.7264962
74.101330 1.5768156 -0.2121568 7.7563696 -0.0095898 -0.6884075 -0.0335730 0.7244833
74.414060 1.4241849 -0.2059416 7.7636833 -0.0081322 -0.6891599 -0.0340903 0.7237613
74.622500 1.3224503 -0.2015520 7.7679787 -0.0084988 -0.6896722 -0.0330091 0.7233191
74.830870 1.2203829 -0.1975981 7.7723446 -0.0093452 -0.6906266 -0.0336716 0.7223668
75.039180 1.1200899 -0.1936133 7.7763472 -0.0099420 -0.6918160 -0.0327323 0.7212631
75.247560 1.0194626 -0.1895564 7.7794595 -0.0098954 -0.6928800 -0.0324835 0.7202529
75.456060 0.9203924 -0.1860376 7.7828150 -0.0091348 -0.6944826 -0.0302083 0.7188171
75.664210 0.8221565 -0.1827508 7.7855859 -0.0073109 -0.6963987 -0.0269675 0.7171110
75.872440 0.7236139 -0.1796783 7.7875500 -0.0100138 -0.6979666 -0.0273759 0.7155368
76.289060 0.5290968 -0.1725383 7.7905841 -0.0105448 -0.6990247 -0.0290321 0.7144301
76.497460 0.4325384 -0.1688793 7.7917566 -0.0110024 -0.6988469 -0.0316185 0.7144873
76.706270 0.3379353 -0.1651415 7.7932582 -0.0106902 -0.6988908 -0.0319767 0.7144333
76.914470 0.2437706 -0.1616644 7.7945914 -0.0102247 -0.6996435 -0.0320858 0.7136981
77.330800 0.0620884 -0.1542910 7.7964363 -0.0096045 -0.7020856 -0.0342848 0.7112019
77.539210 -0.0260291 -0.1507495 7.7962389 -0.0088635 -0.7036240 -0.0341989 0.7096937
77.747630 -0.1119866 -0.1476751 7.7959371 -0.0086068 -0.7048362 -0.0343944 0.7084835
77.955810 -0.1965663 -0.1441717 7.7954130 -0.0084558 -0.7057474 -0.0345445 0.7075703
78.164320 -0.2776459 -0.1410834 7.7946224 -0.0083295 -0.7064403 -0.0360399 0.7068053
78.894170 -0.5227085 -0.1305135 7.7835479 -0.0027105 -0.6955797 -0.0382933 0.7174225
79.102740 -0.5942752 -0.1284577 7.7863994 -0.0022832 -0.6941769 -0.0374509 0.7188259
79.521320 -0.7337821 -0.1247460 7.7983365 -0.0071418 -0.6959644 -0.0353518 0.7171700
79.728360 -0.7992959 -0.1219992 7.8003101 -0.0072623 -0.6951601 -0.0345935 0.7179854
81.814250 -1.3031770 -0.0932286 7.8378191 -0.0060497 -0.6490983 -0.0260394 0.7602347
83.693230 -1.5494412 -0.0888974 7.9707112 -0.0004768 -0.4447457 -0.0099020 0.8956020
84.319310 -1.6382351 -0.0974279 8.0412655 -0.0037576 -0.3145863 -0.0127635 0.9491357
84.527960 -1.6569566 -0.1024604 8.0650034 -0.0042615 -0.2701509 -0.0155934 0.9626822
84.737260 -1.6763098 -0.1084865 8.0997000 -0.0020190 -0.2278221 -0.0202376 0.9734904
84.944930 -1.6885697 -0.1116531 8.1388874 -0.0021284 -0.1883613 -0.0230281 0.9818274
85.778090 -1.7130913 -0.1052938 8.3477507 0.0069485 -0.0493428 -0.0125100 0.9986794
86.816720 -1.7266922 -0.1096341 8.7023106 0.0057601 -0.0231059 -0.0025490 0.9997132
87.024550 -1.7294350 -0.1110869 8.7833319 0.0077323 -0.0270061 -0.0003361 0.9996053
87.232860 -1.7370574 -0.1134000 8.8620691 0.0089961 -0.0282159 -0.0016427 0.9995600
87.440900 -1.7444303 -0.1166244 8.9388714 0.0040018 -0.0294524 -0.0019773 0.9995562
87.648940 -1.7474115 -0.1181438 9.0159283 0.0034553 -0.0325021 -0.0034618 0.9994597
87.857180 -1.7591105 -0.1205850 9.1080770 0.0053067 -0.0309197 -0.0062465 0.9994883
88.169700 -1.7597456 -0.1215489 9.2145691 0.0036732 -0.0338933 -0.0059103 0.9994012
88.482060 -1.7721025 -0.1244355 9.3084106 0.0020593 -0.0337269 -0.0054835 0.9994139
88.794690 -1.7793871 -0.1277162 9.4790468 -0.0002119 -0.0389522 -0.0046577 0.9992302
89.003140 -1.7868423 -0.1291607 9.5642862 -0.0002547 -0.0408771 -0.0038752 0.9991567
89.524190 -1.8058307 -0.1341121 9.7735195 0.0017798 -0.0438739 -0.0048513 0.9990237
89.732690 -1.8125778 -0.1355312 9.8518753 -0.0004745 -0.0435802 -0.0048358 0.9990381
90.045560 -1.8217504 -0.1373294 9.9624968 0.0018862 -0.0442473 -0.0055291 0.9990035
90.357970 -1.8316097 -0.1373154 10.0650969 0.0010463 -0.0470399 -0.0059015 0.9988750
90.879050 -1.8496100 -0.1427216 10.2127275 0.0008597 -0.0540440 -0.0059215 0.9985206
91.087510 -1.8539909 -0.1442423 10.2653513 0.0007749 -0.0565687 -0.0060365 0.9983802
91.609100 -1.8721889 -0.1488364 10.3774014 0.0006262 -0.0375967 -0.0082266 0.9992589
92.444850 -1.8726237 -0.1532990 10.5445681 0.0085489 0.0658362 -0.0083683 0.9977587
92.968320 -1.8394352 -0.1572158 10.6404057 0.0072787 0.1632277 0.0069213 0.9865373
93.280830 -1.8039452 -0.1589919 10.6921873 0.0114526 0.2246269 0.0027325 0.9743737
93.489710 -1.7809080 -0.1603179 10.7236090 0.0172219 0.2694556 0.0046537 0.9628476
93.698450 -1.7545500 -0.1614527 10.7532530 0.0217471 0.3146742 0.0071756 0.9489235
93.907230 -1.7271545 -0.1634969 10.7840919 0.0171806 0.3631734 -0.0055229 0.9315467
94.115820 -1.6947861 -0.1662032 10.8107624 0.0160552 0.4088430 -0.0061662 0.9124427
94.324500 -1.6576232 -0.1675197 10.8339872 0.0232879 0.4556236 -0.0014393 0.8898667
94.533080 -1.6187242 -0.1697636 10.8562069 0.0201414 0.5026751 -0.0102787 0.8641797
94.741610 -1.5777845 -0.1734305 10.8722277 0.0128883 0.5458016 -0.0130755 0.8377133
94.949970 -1.5354408 -0.1761722 10.8825560 0.0153169 0.5816696 -0.0105676 0.8132123
95.365960 -1.4325573 -0.1807110 10.9012308 0.0170972 0.6322199 -0.0074995 0.7745640
95.573810 -1.3767045 -0.1827164 10.9109001 0.0143798 0.6521012 -0.0075854 0.7579576
95.781890 -1.3152941 -0.1849704 10.9191484 0.0161704 0.6687180 -0.0088731 0.7432873
95.989690 -1.3674399 -0.1904084 10.8523026 0.0196485 0.6597828 0.0012592 0.7511984
96.613110 -1.3929853 -0.1950000 10.8986654 0.0192836 0.6837909 0.0103553 0.7293497
96.820940 -0.7530285 -0.2063151 11.1581945 0.0086284 0.7634544 -0.0106027 0.6457171
97.028860 -0.7932347 -0.2064954 10.9786596 0.0148850 0.7127213 -0.0010603 0.7012886
97.237470 -0.7000581 -0.2103521 10.9715424 0.0142520 0.7109038 0.0029378 0.7031387
97.444500 -0.6047769 -0.2124141 10.9614105 0.0153520 0.7068744 0.0027732 0.7071670
97.652490 -0.5167750 -0.2154114 10.9565058 0.0160918 0.7034043 0.0038469 0.7105974
97.860460 -0.4264609 -0.2183314 10.9541740 0.0156472 0.7003222 0.0041009 0.7136436
98.173950 -0.2890718 -0.2228161 10.9563828 0.0157809 0.6971972 0.0010708 0.7167048
98.380720 -0.1947240 -0.2262750 10.9600935 0.0116146 0.6958005 0.0001295 0.7181411
98.588990 -0.1008980 -0.2295463 10.9640856 0.0113492 0.6947976 -0.0026692 0.7191108
98.797260 -0.0072972 -0.2327026 10.9678135 0.0110055 0.6943206 -0.0031044 0.7195750
99.005460 0.0870318 -0.2363930 10.9715214 0.0101921 0.6944798 -0.0018486 0.7194377
99.317990 0.2278499 -0.2417373 10.9769726 0.0098243 0.6950760 -0.0018086 0.7188669
99.630630 0.3672287 -0.2463392 10.9821930 0.0066721 0.6969189 -0.0044225 0.7171053
99.943090 0.5052959 -0.2511650 10.9872570 0.0028150 0.6993420 -0.0037988 0.7147716
100.255600 0.6405337 -0.2551800 10.9912958 0.0024335 0.7005113 -0.0030765 0.7136306
100.568000 0.7734839 -0.2589871 10.9942541 0.0061655 0.7004524 -0.0048220 0.7136562
100.880700 0.9044889 -0.2632503 10.9974747 0.0042991 0.7015954 -0.0056926 0.7125399
101.193100 1.0341208 -0.2672248 11.0002079 0.0015342 0.7033889 -0.0047662 0.7107877
101.505600 1.1618247 -0.2711049 11.0021210 0.0038259 0.7035682 -0.0051719 0.7105986
101.818100 1.2884922 -0.2752891 11.0049791 0.0005615 0.7030381 -0.0043095 0.7111389
102.130600 1.4138995 -0.2782912 11.0079660 0.0010614 0.7027127 -0.0047992 0.7114567
102.444200 1.5383865 -0.2820056 11.0104866 0.0011451 0.7029055 -0.0040841 0.7112706
102.755600 1.6589237 -0.2863152 11.0130119 0.0082405 0.7027925 -0.0115913 0.7112527
103.068200 1.7785950 -0.2914631 11.0149088 0.0080417 0.7017563 -0.0082442 0.7123240
103.380700 1.8969345 -0.2959897 11.0176649 0.0055501 0.6995903 -0.0057914 0.7144992
103.693400 2.0133524 -0.3001268 11.0225058 0.0012386 0.6997766 -0.0103748 0.7142853
104.006000 2.1277928 -0.3039538 11.0255175 -0.0000452 0.7013875 -0.0115931 0.7126858
104.318500 2.2407858 -0.3079056 11.0275793 0.0003302 0.7025865 -0.0091593 0.7115393
104.630800 2.3503916 -0.3117850 11.0305586 -0.0002549 0.7016238 -0.0112706 0.7124584
104.943400 2.4575069 -0.3154647 11.0330343 0.0021004 0.7011086 -0.0124601 0.7129426
105.256000 2.5642054 -0.3195951 11.0361061 -0.0005910 0.7010219 -0.0124391 0.7130310
105.568600 2.6686270 -0.3234165 11.0379276 0.0001306 0.7032732 -0.0107173 0.7108389
105.881400 2.7720273 -0.3267160 11.0385799 0.0008345 0.7061527 -0.0103855 0.7079829
106.298500 2.9137557 -0.3318415 11.0372086 0.0022437 0.7143180 -0.0145227 0.6996670
106.611300 3.0237234 -0.3355722 11.0333099 0.0034069 0.7204018 -0.0133532 0.6934201
106.924000 3.1389627 -0.3393982 11.0282011 0.0006863 0.7262858 -0.0119192 0.6872892
107.236600 3.2589965 -0.3437583 11.0204315 0.0047909 0.7319787 -0.0124357 0.6811972
107.549200 3.3865659 -0.3481128 11.0101166 0.0055630 0.7364638 -0.0093444 0.6763895
107.861600 3.5203328 -0.3523307 10.9963894 0.0055082 0.7383385 -0.0041387 0.6743951
108.174000 3.6606195 -0.3567612 10.9844513 0.0094570 0.7383759 -0.0033302 0.6743149
108.590400 3.8579464 -0.3627857 10.9670353 0.0145310 0.7348762 0.0024606 0.6780411
108.902600 4.0126481 -0.3671300 10.9561567 0.0151825 0.7300155 0.0047046 0.6832458
109.110700 4.1183977 -0.3701080 10.9503593 0.0160183 0.7265146 0.0040343 0.6869525
109.318900 4.2267475 -0.3734729 10.9459667 0.0144958 0.7232057 0.0046246 0.6904650
109.527200 4.3336716 -0.3772672 10.9425468 0.0185805 0.7214845 -0.0004242 0.6921811
109.735500 4.4423809 -0.3817476 10.9391565 0.0188867 0.7206580 0.0004790 0.6930333
110.047800 4.6044893 -0.3875489 10.9321880 0.0160368 0.7193679 0.0069016 0.6944098
110.256100 4.7120156 -0.3913379 10.9292126 0.0153823 0.7190273 0.0071831 0.6947744
110.465500 4.8186417 -0.3947332 10.9258862 0.0174696 0.7183137 0.0046908 0.6954842
110.672600 4.9259272 -0.3985131 10.9234686 0.0167768 0.7176167 0.0057843 0.6962121
110.881000 5.0324926 -0.4027969 10.9214315 0.0176246 0.7163595 0.0030703 0.6975020
111.089200 5.1390095 -0.4061921 10.9197941 0.0167451 0.7146701 0.0038898 0.6992505
111.297500 5.2443466 -0.4102047 10.9189873 0.0139197 0.7128130 0.0055644 0.7011939
111.505700 5.3482723 -0.4134439 10.9182091 0.0134301 0.7112110 0.0039845 0.7028390
111.714100 5.4530888 -0.4167517 10.9188719 0.0085515 0.7102418 0.0020213 0.7039030
111.922300 5.5566869 -0.4199758 10.9195862 0.0069903 0.7101270 -0.0007015 0.7040386
112.130600 5.6581922 -0.4236515 10.9193487 0.0087807 0.7103928 -0.0039168 0.7037398
112.338800 5.7597408 -0.4274069 10.9186687 0.0114966 0.7103618 -0.0042301 0.7037302
112.547100 5.8605194 -0.4312218 10.9186172 0.0075249 0.7112181 -0.0024471 0.7029269
112.755500 5.9610190 -0.4345648 10.9182396 0.0056162 0.7126898 -0.0034757 0.7014482
112.964100 6.0601187 -0.4377735 10.9172935 0.0044496 0.7153000 -0.0041537 0.6987910
113.172100 6.1587615 -0.4405578 10.9153528 0.0034599 0.7183281 -0.0047032 0.6956800
113.380300 6.2563853 -0.4439506 10.9127512 0.0035067 0.7211230 -0.0069424 0.6927634
113.588800 6.3539119 -0.4471765 10.9084597 0.0049557 0.7247815 -0.0061325 0.6889337
113.797100 6.4522815 -0.4501403 10.9032745 0.0041624 0.7303270 -0.0057541 0.6830608
114.005500 6.5498772 -0.4527067 10.8959312 0.0027073 0.7365258 -0.0032344 0.6763963
114.213900 6.6478062 -0.4552535 10.8871613 0.0018235 0.7428831 -0.0036155 0.6694089
114.423500 6.7457294 -0.4576678 10.8761034 0.0028517 0.7490194 -0.0022072 0.6625382
114.630800 6.8430433 -0.4603170 10.8636694 0.0049623 0.7559297 -0.0029362 0.6546274
114.943300 6.9894037 -0.4640421 10.8398352 0.0082261 0.7664492 0.0004091 0.6422521
115.255800 7.1363840 -0.4676740 10.8112755 0.0137397 0.7727151 0.0057081 0.6345786
115.463800 7.2348080 -0.4704759 10.7913246 0.0182574 0.7736648 0.0069782 0.6332936
115.672000 7.3328900 -0.4735036 10.7718782 0.0228850 0.7716768 0.0086599 0.6355441
115.879800 7.4316306 -0.4767063 10.7535467 0.0241917 0.7676350 0.0146428 0.6402631
116.087800 7.5292969 -0.4791370 10.7367678 0.0244048 0.7641450 0.0185131 0.6443167
116.400000 7.6753821 -0.4831806 10.7144737 0.0302874 0.7587590 0.0150788 0.6504921
116.608000 7.7726612 -0.4871228 10.7011328 0.0277723 0.7547797 0.0150431 0.6552175
116.920200 7.9169827 -0.4919159 10.6839828 0.0270887 0.7487383 0.0168989 0.6620963
117.232900 8.0554981 -0.4974105 10.6662130 0.0293579 0.7466570 0.0146536 0.6643996
117.545500 8.1856556 -0.5023853 10.6503534 0.0242752 0.7464412 0.0209068 0.6646797
117.753800 8.2689743 -0.5045388 10.6407347 0.0267570 0.7462536 0.0200454 0.6648217
117.962300 8.3496132 -0.5074779 10.6313953 0.0289278 0.7463994 0.0160147 0.6646764
118.170700 8.4300241 -0.5102904 10.6210413 0.0284150 0.7465044 0.0157621 0.6645867
118.379200 8.5103931 -0.5130474 10.6113911 0.0266564 0.7476138 0.0192296 0.6633198
118.587700 8.5895262 -0.5156028 10.6011772 0.0258266 0.7486984 0.0232390 0.6619997
118.796200 8.6687546 -0.5178487 10.5906401 0.0303060 0.7492483 0.0218731 0.6612338
119.005100 8.7468863 -0.5204726 10.5801229 0.0340745 0.7477283 0.0201947 0.6628224
119.212900 8.8244267 -0.5236272 10.5708857 0.0302689 0.7452096 0.0215839 0.6657931
119.421900 8.9013166 -0.5257519 10.5639534 0.0289799 0.7427132 0.0220407 0.6686190
119.629500 8.9770002 -0.5285813 10.5545015 0.0305661 0.7393689 0.0215749 0.6722603
119.837900 9.0538998 -0.5317793 10.5473576 0.0302469 0.7375358 0.0207324 0.6743117
120.150300 9.1703482 -0.5355976 10.5358992 0.0271138 0.7355461 0.0240227 0.6765056
120.358800 9.2476578 -0.5391676 10.5277090 0.0293930 0.7346682 0.0205210 0.6774788
120.984100 9.4525270 -0.5478633 10.5155811 0.0199561 0.7366705 0.0187433 0.6756974
121.192500 9.5089407 -0.5493608 10.5118198 0.0222736 0.7368567 0.0161291 0.6754894
121.400800 9.5619316 -0.5508270 10.5043430 0.0242101 0.7349436 0.0154516 0.6775198
122.238500 9.7361097 -0.5572530 10.4822969 0.0258668 0.7398655 0.0110556 0.6721664
122.548000 9.7941465 -0.5595644 10.4771090 0.0263796 0.7457153 0.0132428 0.6656106
122.860900 9.8428888 -0.5611471 10.4694967 0.0268770 0.7493529 0.0127853 0.6615016
123.382300 9.9176912 -0.5637551 10.4579306 0.0284929 0.7569679 0.0141828 0.6526765
123.799400 9.9745960 -0.5658836 10.4473581 0.0278869 0.7653446 0.0127400 0.6428900
125.155700 10.1706610 -0.5733581 10.3824005 0.0230737 0.8339530 0.0006409 0.5513526
125.364500 10.2047558 -0.5743952 10.3636332 0.0209376 0.8493873 -0.0007538 0.5273540
125.573000 10.2379284 -0.5755995 10.3394852 0.0200509 0.8651989 0.0005930 0.5010274
125.781800 10.2718487 -0.5758083 10.3132391 0.0189223 0.8814457 0.0016866 0.4719032
126.408300 10.3652277 -0.5784311 10.2185040 0.0165022 0.9276417 0.0045014 0.3730795
126.616000 10.3855839 -0.5801079 10.1809549 0.0168386 0.9405177 0.0053556 0.3392848
126.824500 10.4209261 -0.5789237 10.1390305 0.0216536 0.9530401 0.0048629 0.3020298
127.971300 10.5266552 -0.5983734 9.8909731 0.0335694 0.9932488 0.0208861 0.1090580
128.179700 10.5452604 -0.5948622 9.8028479 0.0327441 0.9971306 0.0172415 0.0660394
128.283700 10.5669231 -0.5905121 9.7593966 0.0286428 0.9987600 0.0131052 0.0385509
128.492100 10.5630779 -0.5872328 9.6740017 0.0325135 0.9993662 0.0101467 0.0103503
128.700300 10.5575066 -0.5851152 9.5858650 0.0338407 0.9992363 0.0124160 -0.0150818
128.804200 10.5535564 -0.5838994 9.5414391 0.0335522 0.9990060 0.0129284 -0.0263438
128.908300 10.5579863 -0.5829571 9.4989700 0.0306583 0.9985543 0.0133794 -0.0420754
129.428500 10.5527973 -0.5756240 9.2560272 0.0234081 0.9942066 0.0233073 -0.1022842
129.636700 10.5341377 -0.5719087 9.1653996 0.0186349 0.9921731 0.0243231 -0.1210524
129.844800 10.5116377 -0.5686373 9.0774727 0.0177005 0.9904573 0.0174380 -0.1355616
130.052900 10.4859056 -0.5648783 8.9862309 0.0171342 0.9888977 0.0155119 -0.1467891
130.261000 10.4563046 -0.5627050 8.8952312 0.0219999 0.9877146 0.0172447 -0.1537477
130.469000 10.4265203 -0.5600227 8.8033266 0.0224086 0.9870048 0.0159721 -0.1583168
130.677700 10.3966684 -0.5580125 8.7116909 0.0236793 0.9864312 0.0147193 -0.1617900
130.885300 10.3665762 -0.5557939 8.6198320 0.0251407 0.9863262 0.0145988 -0.1622204
131.093400 10.3358030 -0.5540442 8.5278311 0.0284898 0.9866470 0.0145026 -0.1597049
131.302500 10.3066998 -0.5521036 8.4373798 0.0303265 0.9874060 0.0152773 -0.1545199
131.509500 10.2782125 -0.5499518 8.3498058 0.0302757 0.9883840 0.0157854 -0.1480922
131.717500 10.2511625 -0.5477218 8.2621937 0.0305778 0.9893503 0.0158558 -0.1414196
131.925800 10.2267170 -0.5460277 8.1750917 0.0303545 0.9902013 0.0162998 -0.1353305
132.133900 10.2052174 -0.5444156 8.0897446 0.0297964 0.9908531 0.0175806 -0.1304344
132.342200 10.1837206 -0.5425349 8.0085287 0.0294004 0.9912742 0.0185014 -0.1271560
132.654900 10.1566296 -0.5401887 7.8939681 0.0278317 0.9913113 0.0177207 -0.1273317
132.865500 10.1382942 -0.5386624 7.8210087 0.0277767 0.9911580 0.0179197 -0.1285032
133.178000 10.1121140 -0.5360919 7.7208495 0.0271868 0.9904414 0.0176995 -0.1340646
133.489200 10.0872612 -0.5339786 7.6277480 0.0263080 0.9889763 0.0172085 -0.1446983
133.802200 10.0569649 -0.5322083 7.5354590 0.0253523 0.9857857 0.0175273 -0.1651565
134.115500 10.0225153 -0.5304136 7.4504194 0.0255104 0.9793162 0.0173050 -0.1999736
134.429100 9.9819832 -0.5284852 7.3739696 0.0219816 0.9670268 0.0160866 -0.2532136
134.742800 9.9309711 -0.5265643 7.3068686 0.0219524 0.9476892 0.0123798 -0.3181979
135.056400 9.8707495 -0.5248113 7.2503028 0.0219554 0.9206890 0.0136498 -0.3894398
135.265300 9.8268614 -0.5234105 7.2174373 0.0194006 0.8986398 0.0156952 -0.4379769
135.473900 9.7800865 -0.5216827 7.1912503 0.0202478 0.8744312 0.0162965 -0.4844528
135.682600 9.7291346 -0.5192211 7.1676993 -0.0170584 -0.8478004 -0.0190040 0.5297002
135.891300 9.6744785 -0.5168933 7.1479392 -0.0160184 -0.8193150 -0.0209363 0.5727373
137.347700 9.2107973 -0.4974464 7.1233401 -0.0094210 -0.6913829 -0.0279141 0.7218876
137.867500 9.0077419 -0.4897666 7.1385255 -0.0088063 -0.6776001 -0.0272694 0.7348720
138.491800 8.7418289 -0.4808081 7.1582932 -0.0060236 -0.6772352 -0.0301926 0.7351221
139.012400 8.5011091 -0.4719677 7.1787076 -0.0053802 -0.6744108 -0.0320926 0.7376390
139.637700 8.1919584 -0.4600837 7.2095075 -0.0050176 -0.6682658 -0.0327797 0.7431831
140.158400 7.9225583 -0.4505748 7.2379079 -0.0059711 -0.6684609 -0.0324465 0.7430152
140.679100 7.6500821 -0.4408945 7.2651629 -0.0047234 -0.6697065 -0.0350266 0.7417844
141.199900 7.3773742 -0.4312537 7.2926054 -0.0062273 -0.6691537 -0.0373677 0.7421578
141.720700 7.1110644 -0.4209237 7.3204570 -0.0056938 -0.6684890 -0.0372838 0.7427651
142.345500 6.7969832 -0.4093242 7.3528905 -0.0038738 -0.6687117 -0.0369742 0.7425918
142.866700 6.5380602 -0.3995570 7.3801532 -0.0038937 -0.6681113 -0.0369100 0.7431351
143.387800 6.2787333 -0.3901938 7.4088416 -0.0038674 -0.6643146 -0.0361587 0.7465680
143.700500 6.1220388 -0.3845540 7.4281497 -0.0082902 -0.6634506 -0.0341339 0.7473951
144.325700 5.8049335 -0.3730072 7.4631834 -0.0048047 -0.6667098 -0.0328292 0.7445786
144.847100 5.5336132 -0.3629671 7.4877124 -0.0062728 -0.6762899 -0.0331830 0.7358611
145.367300 5.2538676 -0.3527302 7.5056672 -0.0025231 -0.6817828 -0.0312558 0.7308823
145.888300 4.9687624 -0.3433331 7.5243597 -0.0084812 -0.6830319 -0.0323943 0.7296205
146.513400 4.6217961 -0.3306113 7.5454650 -0.0059600 -0.6833628 -0.0347865 0.7292254
146.930000 4.3928933 -0.3219690 7.5594673 -0.0060991 -0.6829067 -0.0341189 0.7296829
147.450800 4.1065741 -0.3114224 7.5776615 -0.0057411 -0.6827805 -0.0346034 0.7297810
147.867400 3.8780446 -0.3024333 7.5913186 -0.0064014 -0.6836493 -0.0368978 0.7288492
148.388200 3.5937073 -0.2906415 7.6077151 -0.0010072 -0.6817444 -0.0394194 0.7305270
148.909300 3.3102827 -0.2802782 7.6293411 -0.0008306 -0.6756532 -0.0402626 0.7361189
149.534300 2.9678438 -0.2672200 7.6632977 -0.0008462 -0.6704053 -0.0370670 0.7410682
150.158900 2.6224630 -0.2544064 7.6984715 -0.0069089 -0.6716942 -0.0321145 0.7401000
150.783500 2.2802284 -0.2415406 7.7281904 -0.0085270 -0.6786915 -0.0272715 0.7338674
151.304200 1.9901075 -0.2296833 7.7473645 -0.0108706 -0.6837853 -0.0310676 0.7289405
151.824600 1.6966654 -0.2176221 7.7636294 -0.0109765 -0.6879098 -0.0284807 0.7251541
152.345300 1.4003569 -0.2051902 7.7763419 -0.0118067 -0.6928577 -0.0308139 0.7203189
152.761800 1.1656646 -0.1956067 7.7831078 -0.0117882 -0.6951055 -0.0314551 0.7181225
153.178400 0.9335257 -0.1868083 7.7889700 -0.0105533 -0.6970325 -0.0297107 0.7163460
153.490800 0.7623661 -0.1811640 7.7927608 -0.0096039 -0.6982400 -0.0254196 0.7153478
154.011500 0.4803753 -0.1709937 7.7965689 -0.0130675 -0.7004889 -0.0287973 0.7129623
154.428000 0.2645254 -0.1624382 7.7977171 -0.0116286 -0.7021216 -0.0321841 0.7112343
154.844600 0.0613223 -0.1544460 7.7986279 -0.0111022 -0.7045250 -0.0346699 0.7087449
155.261200 -0.1268977 -0.1468824 7.7968235 -0.0097855 -0.7069237 -0.0348351 0.7063636
155.573700 -0.2593681 -0.1416601 7.7950063 -0.0085893 -0.7075167 -0.0364584 0.7057033
156.407900 -0.5612730 -0.1294482 7.7872987 -0.0010983 -0.6829479 -0.0398061 0.7293808
157.138000 -0.8088546 -0.1225343 7.8218455 -0.0110417 -0.6612791 -0.0309909 0.7494181
160.889200 -1.4467733 -0.0904918 7.8804798 -0.0132968 -0.6891880 -0.0132208 0.7243399
161.201800 -1.4719055 -0.0913833 7.8859649 -0.0131834 -0.6941726 -0.0156775 0.7195171
161.514400 -1.5000844 -0.0906601 7.8859844 -0.0069202 -0.6976804 -0.0139636 0.7162396
162.139700 -1.5940686 -0.0916152 7.8810129 -0.0030959 -0.7025905 -0.0147459 0.7114349
162.452400 -1.6538649 -0.0926420 7.8832865 -0.0015410 -0.7031217 -0.0183172 0.7108320
162.765100 -1.7265048 -0.0905830 7.8883567 -0.0055756 -0.7038708 -0.0238723 0.7099048
162.973500 -1.7771548 -0.0890362 7.8891883 -0.0127043 -0.7032747 -0.0243850 0.7103862
163.182100 -1.8306960 -0.0868891 7.8904767 -0.0182614 -0.7028790 -0.0182782 0.7108400
163.390600 -1.8875557 -0.0844197 7.8899441 -0.0150390 -0.7037217 -0.0188214 0.7100672
163.598900 -1.9480462 -0.0817016 7.8912005 -0.0217710 -0.7055044 -0.0154327 0.7082030
163.807300 -2.0109165 -0.0796465 7.8904710 -0.0213193 -0.7069899 -0.0147947 0.7067474
164.015600 -2.0761859 -0.0774747 7.8894439 -0.0123356 -0.7089898 -0.0098454 0.7050421
164.224100 -2.1456580 -0.0753649 7.8886695 -0.0120869 -0.7092826 -0.0097521 0.7047532
164.432600 -2.2213855 -0.0735963 7.8898897 -0.0173207 -0.7099859 -0.0126435 0.7038893
164.641600 -2.2980607 -0.0715675 7.8889923 -0.0122935 -0.7107661 -0.0128214 0.7032042
164.849700 -2.3797495 -0.0690715 7.8887224 -0.0117359 -0.7114092 -0.0126177 0.7025667
165.058000 -2.4607928 -0.0673054 7.8876820 -0.0132838 -0.7117489 -0.0158557 0.7021294
165.266500 -2.5458117 -0.0644243 7.8871560 -0.0145663 -0.7118477 -0.0175775 0.7019628
165.475000 -2.6326084 -0.0615378 7.8863111 -0.0132888 -0.7111469 -0.0177098 0.7026947
165.683600 -2.7202730 -0.0587951 7.8864012 -0.0121384 -0.7102399 -0.0167710 0.7036552
165.892000 -2.8097141 -0.0566627 7.8842878 -0.0133762 -0.7082558 -0.0188252 0.7055781
166.100600 -2.8999031 -0.0539143 7.8837380 -0.0138152 -0.7066846 -0.0189102 0.7071410
166.308900 -2.9925356 -0.0513681 7.8852792 -0.0147193 -0.7063679 -0.0175741 0.7074736
166.517400 -3.0840399 -0.0484822 7.8870754 -0.0147295 -0.7066277 -0.0172214 0.7072226
166.725700 -3.1774738 -0.0456792 7.8868446 -0.0139561 -0.7070004 -0.0190709 0.7068182
166.934000 -3.2713659 -0.0428614 7.8861003 -0.0123209 -0.7073205 -0.0178731 0.7065596
167.142500 -3.3675048 -0.0400140 7.8868794 -0.0125085 -0.7078161 -0.0206133 0.7059851
167.351000 -3.4637926 -0.0368176 7.8862104 -0.0136627 -0.7073840 -0.0203273 0.7064050
167.455000 -3.5115983 -0.0356421 7.8863297 -0.0146630 -0.7072372 -0.0207836 0.7065186
167.663200 -3.6079865 -0.0318247 7.8860269 -0.0156906 -0.7069381 -0.0204715 0.7068050
167.871500 -3.7059064 -0.0287804 7.8858223 -0.0135099 -0.7066955 -0.0212746 0.7070689
168.079800 -3.8028812 -0.0256314 7.8855667 -0.0100977 -0.7063003 -0.0214632 0.7075149
168.288000 -3.8998590 -0.0224379 7.8850436 -0.0132755 -0.7060577 -0.0265752 0.7075310
168.496400 -3.9976311 -0.0184561 7.8860826 -0.0147286 -0.7061775 -0.0295734 0.7072636
168.704700 -4.0930185 -0.0148358 7.8855348 -0.0092480 -0.7059026 -0.0253579 0.7077945
168.913000 -4.1888537 -0.0118476 7.8865919 -0.0081621 -0.7055647 -0.0234767 0.7082095
169.121700 -4.2854891 -0.0091315 7.8872380 -0.0107932 -0.7051174 -0.0228774 0.7086392
169.329900 -4.3821974 -0.0067832 7.8881116 -0.0116427 -0.7050749 -0.0214523 0.7087126
169.538100 -4.4786706 -0.0037582 7.8897200 -0.0112698 -0.7059554 -0.0195522 0.7078966
169.746400 -4.5750542 -0.0007567 7.8896947 -0.0148856 -0.7061696 -0.0205418 0.7075881
169.954800 -4.6710448 0.0023581 7.8906279 -0.0148841 -0.7066701 -0.0206179 0.7070861
170.163200 -4.7691641 0.0051718 7.8911080 -0.0103109 -0.7072301 -0.0197477 0.7066324
170.371500 -4.8663950 0.0078748 7.8910241 -0.0119618 -0.7073892 -0.0225517 0.7063631
170.580000 -4.9625196 0.0111261 7.8910985 -0.0127365 -0.7077470 -0.0233835 0.7059640
170.788300 -5.0580826 0.0137979 7.8904052 -0.0100278 -0.7086599 -0.0238453 0.7050758
170.996500 -5.1548567 0.0167348 7.8876143 -0.0082629 -0.7090756 -0.0253687 0.7046276
171.204900 -5.2516108 0.0195473 7.8864264 -0.0078565 -0.7112274 -0.0238743 0.7025126
171.413200 -5.3487706 0.0219611 7.8851914 -0.0080282 -0.7127494 -0.0201753 0.7010826
171.621400 -5.4457154 0.0240671 7.8830376 -0.0059570 -0.7141187 -0.0187633 0.6997477
171.933900 -5.5934653 0.0274946 7.8800130 -0.0099168 -0.7158394 -0.0238263 0.6977878
172.142500 -5.6916466 0.0307833 7.8753219 -0.0091697 -0.7166160 -0.0223006 0.6970510
172.454600 -5.8418350 0.0337945 7.8735900 -0.0073138 -0.7194781 -0.0189241 0.6942188
172.662800 -5.9405699 0.0362123 7.8709149 -0.0083903 -0.7210634 -0.0212371 0.6924927
172.871000 -6.0381417 0.0384247 7.8663149 -0.0082753 -0.7223549 -0.0213097 0.6911446
173.079300 -6.1369848 0.0406616 7.8620739 -0.0090405 -0.7239488 -0.0200899 0.6895019
173.287500 -6.2331638 0.0432766 7.8590817 -0.0087683 -0.7259356 -0.0183027 0.6874632
173.495800 -6.3305488 0.0455948 7.8551540 -0.0094149 -0.7273986 -0.0177975 0.6859197
173.704000 -6.4262915 0.0477294 7.8496146 -0.0104142 -0.7284442 -0.0161071 0.6848366
173.912300 -6.5215940 0.0497651 7.8427005 -0.0126402 -0.7292458 -0.0172299 0.6839181
174.120500 -6.6169753 0.0519073 7.8363585 -0.0113530 -0.7301766 -0.0164840 0.6829653
174.433100 -6.7614989 0.0548196 7.8265624 -0.0117244 -0.7312627 -0.0145732 0.6818394
174.641400 -6.8582606 0.0568060 7.8194308 -0.0135679 -0.7313617 -0.0145240 0.6817001
174.849700 -6.9545574 0.0591590 7.8119020 -0.0159877 -0.7307143 -0.0131323 0.6823698
175.058000 -7.0512815 0.0614255 7.8044758 -0.0131726 -0.7304699 -0.0111045 0.6827275
175.266300 -7.1491909 0.0632705 7.7974210 -0.0107526 -0.7301232 -0.0137956 0.6830917
175.474500 -7.2467971 0.0652740 7.7912021 -0.0128798 -0.7303050 -0.0153754 0.6828268
175.682800 -7.3453159 0.0678013 7.7844510 -0.0125442 -0.7306423 -0.0168057 0.6824383
175.891100 -7.4440680 0.0703099 7.7771826 -0.0107530 -0.7309940 -0.0157586 0.6821172
176.099300 -7.5424314 0.0724724 7.7693295 -0.0092376 -0.7307184 -0.0170139 0.6824045
176.307600 -7.6430588 0.0744756 7.7629375 -0.0095026 -0.7305601 -0.0178272 0.6825495
176.619800 -7.7917156 0.0781332 7.7545037 -0.0111360 -0.7299610 -0.0167797 0.6831920
176.828000 -7.8911343 0.0796718 7.7484765 -0.0096248 -0.7298841 -0.0145547 0.6833481
177.036200 -7.9911728 0.0817912 7.7422128 -0.0095228 -0.7296351 -0.0161652 0.6835793
177.244500 -8.0883245 0.0838631 7.7355485 -0.0110338 -0.7293850 -0.0157935 0.6838321
177.452500 -8.1855097 0.0860314 7.7289734 -0.0132755 -0.7295575 -0.0138668 0.6836501
177.660900 -8.2827730 0.0877646 7.7229037 -0.0128152 -0.7298895 -0.0132894 0.6833158
177.869000 -8.3793335 0.0896205 7.7153068 -0.0133342 -0.7294546 -0.0135626 0.6837648
178.077300 -8.4765034 0.0918385 7.7090344 -0.0172078 -0.7292709 -0.0164342 0.6838112
178.285500 -8.5723419 0.0940855 7.7022705 -0.0121742 -0.7289744 -0.0111523 0.6843418
178.493800 -8.6678200 0.0951836 7.6959782 -0.0104029 -0.7286322 -0.0094521 0.6847609
178.702100 -8.7639351 0.0972826 7.6897907 -0.0169635 -0.7278504 -0.0140399 0.6853823
178.910400 -8.8584042 0.0991055 7.6836143 -0.0167220 -0.7276047 -0.0154608 0.6856185
179.118400 -8.9515924 0.1005289 7.6791186 -0.0129822 -0.7274899 -0.0061535 0.6859680
179.326700 -9.0449886 0.1023370 7.6740384 -0.0204042 -0.7283959 -0.0091948 0.6847909
179.534800 -9.1375237 0.1053031 7.6679959 -0.0276522 -0.7276800 -0.0150335 0.6851943
179.744400 -9.2264347 0.1073350 7.6618204 -0.0188390 -0.7276326 -0.0116419 0.6856094
179.951300 -9.3145943 0.1089495 7.6560764 -0.0127127 -0.7278434 -0.0075733 0.6855837
180.159600 -9.4034863 0.1107800 7.6508613 -0.0176507 -0.7277678 -0.0147290 0.6854383
180.367800 -9.4907217 0.1135259 7.6456456 -0.0192046 -0.7277494 -0.0180482 0.6853366
180.576000 -9.5760412 0.1155618 7.6421924 -0.0194864 -0.7286596 -0.0158871 0.6844144
180.784300 -9.6598587 0.1175581 7.6379461 -0.0169956 -0.7284561 -0.0124767 0.6847680
180.992700 -9.7405205 0.1197334 7.6332231 -0.0169437 -0.7276169 -0.0128848 0.6856534
181.201300 -9.8219976 0.1213162 7.6282372 -0.0134493 -0.7265075 -0.0122707 0.6869172
181.409200 -9.9019079 0.1226251 7.6234341 -0.0125435 -0.7259748 -0.0130744 0.6874826
181.617500 -9.9811106 0.1241499 7.6187687 -0.0136421 -0.7261879 -0.0144851 0.6872083
181.825600 -10.0578060 0.1253152 7.6143880 -0.0116721 -0.7276800 -0.0144564 0.6856651
182.137800 -10.1738386 0.1271827 7.6067638 -0.0108790 -0.7310939 -0.0174771 0.6819661
182.345900 -10.2476273 0.1286441 7.6013169 -0.0152915 -0.7340176 -0.0160739 0.6787680
182.554000 -10.3218508 0.1304985 7.5945048 -0.0127768 -0.7376301 -0.0126874 0.6749648
182.762300 -10.3948727 0.1316075 7.5880585 -0.0142854 -0.7418731 -0.0119075 0.6702823
183.074700 -10.5026932 0.1332189 7.5752721 -0.0167413 -0.7485212 -0.0148713 0.6627326
183.283100 -10.5734549 0.1348101 7.5650053 -0.0124244 -0.7517799 -0.0137718 0.6591533
183.595900 -10.6809368 0.1366571 7.5499787 -0.0086126 -0.7528321 -0.0212504 0.6578132
183.804500 -10.7506666 0.1383886 7.5398583 -0.0068889 -0.7522159 -0.0243190 0.6584318
184.012900 -10.8194084 0.1399597 7.5300608 -0.0070804 -0.7510394 -0.0274674 0.6596479
184.221600 -10.8859873 0.1420608 7.5207353 -0.0017471 -0.7481602 -0.0288173 0.6628897
184.430300 -10.9506025 0.1436237 7.5130315 0.0012138 -0.7409765 -0.0322211 0.6707564
184.743300 -11.0450001 0.1458797 7.5062652 0.0018790 -0.7279444 -0.0328536 0.6848460
184.951900 -11.1056757 0.1473331 7.5033507 0.0012422 -0.7189597 -0.0332525 0.6942548
185.160400 -11.1648417 0.1486956 7.5021043 0.0013465 -0.7091168 -0.0349116 0.7042249
185.786200 -11.3305483 0.1530653 7.5135484 0.0000946 -0.6777107 -0.0311953 0.7346666
185.994600 -11.3811111 0.1544228 7.5188317 0.0014295 -0.6666782 -0.0282553 0.7448085
186.203000 -11.4289522 0.1552715 7.5248308 0.0010564 -0.6553503 -0.0270899 0.7548384
186.411400 -11.4758759 0.1560684 7.5326858 -0.0009664 -0.6449677 -0.0262735 0.7637575
186.619800 -11.5207357 0.1569857 7.5409765 -0.0011697 -0.6357379 -0.0266529 0.7714438
187.036100 -11.6054897 0.1583827 7.5587702 -0.0052287 -0.6285240 -0.0217985 0.7774671
187.660100 -11.7163982 0.1603931 7.5777664 -0.0091169 -0.6455552 -0.0192665 0.7634161
187.868000 -11.7482948 0.1609609 7.5810299 -0.0095154 -0.6597992 -0.0189873 0.7511418
188.076000 -11.7784500 0.1616438 7.5825849 -0.0113563 -0.6769379 -0.0182141 0.7357271
188.491800 -11.8331375 0.1629298 7.5784192 -0.0108304 -0.7219672 -0.0206138 0.6915354
188.699700 -11.8580027 0.1634289 7.5731845 -0.0067941 -0.7473137 -0.0197095 0.6641442
188.907700 -11.8818245 0.1639643 7.5663900 -0.0059307 -0.7712785 -0.0187547 0.6361938
189.115800 -11.9049006 0.1647190 7.5581608 -0.0052159 -0.7939136 -0.0192768 0.6077026
189.324100 -11.9263449 0.1653390 7.5478325 -0.0013008 -0.8149877 -0.0215224 0.5790771
189.740600 -11.9657621 0.1665623 7.5229268 0.0016679 -0.8507491 -0.0281894 0.5248128
190.261700 -12.0122805 0.1703974 7.4869609 -0.0094599 0.8845828 0.0327152 -0.4651381
190.574800 -12.0365677 0.1729649 7.4612775 -0.0111220 0.8967509 0.0278976 -0.4415155
190.887500 -12.0634165 0.1737933 7.4362178 -0.0088123 0.9078375 0.0221454 -0.4186444
191.512700 -12.1201735 0.1746649 7.3791986 -0.0005975 0.9335208 0.0210401 -0.3579049
191.723100 -12.1330967 0.1764518 7.3535290 -0.0012265 0.9415258 0.0206230 -0.3363068
191.929600 -12.1526775 0.1757032 7.3301706 0.0020808 0.9520050 0.0224502 -0.3052511
192.241400 -12.1764956 0.1771182 7.2877455 0.0058527 0.9658374 0.0189693 -0.2583873
192.449700 -12.1904211 0.1784213 7.2549047 0.0020973 0.9740675 0.0174094 -0.2255771
192.657900 -12.2046900 0.1790715 7.2183785 0.0066214 0.9809337 0.0186644 -0.1933311
192.866300 -12.2174921 0.1801356 7.1777678 0.0069452 0.9856447 0.0188980 -0.1676280
193.075100 -12.2303553 0.1817701 7.1325202 0.0042443 0.9880796 0.0203132 -0.1525386
193.283700 -12.2451735 0.1832982 7.0822420 0.0089326 0.9896558 0.0204740 -0.1417127
193.492200 -12.2606487 0.1850384 7.0277476 0.0131891 0.9916810 0.0180696 -0.1267609
193.700500 -12.2763939 0.1872307 6.9673080 0.0142472 0.9936476 0.0171287 -0.1103086
193.909100 -12.2900324 0.1894749 6.9005709 0.0177049 0.9951413 0.0194004 -0.0948897
194.221800 -12.3085947 0.1927983 6.7951064 0.0182652 0.9967104 0.0177031 -0.0769507
194.430500 -12.3217297 0.1954946 6.7172308 0.0181113 0.9971867 0.0177222 -0.0705449
194.639200 -12.3358421 0.1982598 6.6338782 0.0177915 0.9974200 0.0185238 -0.0670345
194.847700 -12.3507204 0.2015825 6.5439467 0.0185462 0.9975488 0.0177454 -0.0650959
195.056300 -12.3677902 0.2054874 6.4474316 0.0199397 0.9975753 0.0185410 -0.0640475
195.264800 -12.3894987 0.2080261 6.3527727 0.0234647 0.9976565 0.0200906 -0.0610514
195.473300 -12.4063196 0.2108188 6.2555904 0.0236665 0.9977977 0.0176166 -0.0594085
195.681900 -12.4188786 0.2140423 6.1481338 0.0216031 0.9979268 0.0165914 -0.0583115
195.890200 -12.4325209 0.2162528 6.0405903 0.0211191 0.9978449 0.0202823 -0.0587213
196.202800 -12.4652710 0.2221097 5.8791690 0.0245713 0.9978370 0.0258191 -0.0552356
196.515400 -12.4905176 0.2272475 5.7141757 0.0240209 0.9980499 0.0231104 -0.0527757
196.723700 -12.5054464 0.2313808 5.5978780 0.0221626 0.9981615 0.0238196 -0.0511382
197.036300 -12.5316162 0.2372740 5.4228778 0.0224832 0.9982899 0.0241893 -0.0482350
197.348800 -12.5589333 0.2419773 5.2627325 0.0233852 0.9983939 0.0252737 -0.0449893
197.661500 -12.5881395 0.2467242 5.1028094 0.0188832 0.9985555 0.0259757 -0.0430777
197.973900 -12.6180372 0.2517927 4.9395871 0.0191239 0.9986579 0.0246061 -0.0413677
198.182200 -12.6276331 0.2561002 4.8260522 0.0200682 0.9985953 0.0257091 -0.0417581
198.390400 -12.6357374 0.2596047 4.7213216 0.0193278 0.9985992 0.0257777 -0.0419702
198.702800 -12.6582870 0.2645918 4.5599732 0.0186746 0.9987722 0.0260586 -0.0377667
198.911000 -12.6651878 0.2679198 4.4544969 0.0181575 0.9988222 0.0244433 -0.0377758
199.119200 -12.6764193 0.2713464 4.3462086 0.0175069 0.9989075 0.0232779 -0.0365442
199.327500 -12.6824265 0.2747674 4.2414513 0.0165653 0.9988158 0.0255210 -0.0379628
199.535700 -12.6908092 0.2776614 4.1384778 0.0170060 0.9988243 0.0242697 -0.0383645
199.744000 -12.7010832 0.2800743 4.0384479 0.0154744 0.9988253 0.0223830 -0.0400934
199.952500 -12.7113714 0.2834521 3.9336009 0.0146472 0.9986070 0.0231590 -0.0450897
200.160900 -12.7262602 0.2860622 3.8335812 0.0167796 0.9984450 0.0219566 -0.0484134
200.369200 -12.7379208 0.2888919 3.7316730 0.0193088 0.9981377 0.0250947 -0.0521391
200.577400 -12.7510519 0.2929380 3.6320825 0.0149734 0.9979734 0.0309532 -0.0535428
200.785700 -12.7636824 0.2974758 3.5317128 0.0100425 0.9979615 0.0297393 -0.0555668
200.993900 -12.7780399 0.3012611 3.4317365 0.0120033 0.9981296 0.0229690 -0.0553686
201.202300 -12.7909222 0.3046209 3.3316951 0.0132793 0.9980666 0.0247404 -0.0554497
201.410600 -12.8044329 0.3080941 3.2293019 0.0137521 0.9979334 0.0281413 -0.0561053
201.618900 -12.8172293 0.3123715 3.1299269 0.0121321 0.9978829 0.0288127 -0.0570291
201.827200 -12.8292189 0.3154998 3.0336535 0.0125267 0.9979344 0.0276586 -0.0566133
202.035500 -12.8406887 0.3192216 2.9354970 0.0122727 0.9979900 0.0275494 -0.0557351
202.243800 -12.8518219 0.3224480 2.8375635 0.0123392 0.9980323 0.0285915 -0.0544230
202.452100 -12.8635378 0.3259638 2.7414103 0.0119048 0.9981368 0.0286518 -0.0525394
202.660400 -12.8738670 0.3293545 2.6439435 0.0114842 0.9982349 0.0284317 -0.0508607
202.868700 -12.8840790 0.3330030 2.5465169 0.0108215 0.9983093 0.0281791 -0.0496737
203.181300 -12.8998575 0.3381557 2.4026563 0.0089634 0.9983891 0.0284188 -0.0482828
203.493800 -12.9160385 0.3441047 2.2560623 0.0076038 0.9983975 0.0284738 -0.0483097
203.702200 -12.9256887 0.3474939 2.1632009 0.0068048 0.9983919 0.0276596 -0.0490117
203.910700 -12.9351234 0.3501651 2.0717072 0.0056290 0.9983184 0.0277297 -0.0505948
204.119200 -12.9450102 0.3537343 1.9777379 0.0052095 0.9981316 0.0286420 -0.0537187
204.327700 -12.9559784 0.3570200 1.8854526 0.0055824 0.9979780 0.0282653 -0.0566550
204.536200 -12.9651995 0.3601761 1.7942898 0.0060922 0.9978004 0.0277939 -0.0598726
204.744700 -12.9753666 0.3639027 1.7028587 0.0058271 0.9976764 0.0276195 -0.0620073
204.953000 -12.9872351 0.3672237 1.6123419 0.0056297 0.9975863 0.0278398 -0.0633639
205.265300 -13.0037069 0.3716874 1.4770207 0.0062558 0.9974569 0.0268687 -0.0657167
205.473600 -13.0154858 0.3754728 1.3878945 0.0069041 0.9974371 0.0275499 -0.0656712
205.681700 -13.0262804 0.3783220 1.2987839 0.0090271 0.9976207 0.0274199 -0.0626067
206.201800 -13.0517511 0.3865148 1.0745004 0.0098968 0.9987518 0.0278677 -0.0402544
206.409700 -13.0564613 0.3891778 0.9867527 0.0105489 0.9990934 0.0284311 -0.0298809
206.617900 -13.0599585 0.3920919 0.9018685 0.0117292 0.9994393 0.0256983 -0.0179753
207.033600 -13.0601349 0.3975817 0.7295244 0.0156833 0.9994277 0.0260778 0.0147714
207.241600 -13.0549936 0.4000644 0.6448134 0.0157896 0.9989575 0.0250116 0.0347718
207.449700 -13.0459585 0.4025144 0.5597090 0.0151485 0.9980279 0.0255143 0.0553172
207.657600 -13.0335045 0.4051071 0.4742843 0.0154943 0.9965909 0.0249726 0.0770903
207.865600 -13.0178900 0.4071598 0.3901040 0.0159171 0.9945866 0.0232307 0.1000221
208.073600 -12.9974737 0.4094258 0.3050564 0.0159526 0.9919857 0.0220044 0.1233920
208.281600 -12.9724312 0.4109930 0.2206237 0.0158759 0.9887869 0.0231115 0.1466775
208.489700 -12.9433851 0.4132718 0.1356544 0.0178610 0.9849415 0.0241126 0.1702638
208.698000 -12.9101400 0.4150545 0.0526441 0.0182218 0.9805503 0.0232068 0.1940376
208.905800 -12.8721952 0.4168530 -0.0315489 0.0168082 0.9759213 0.0243148 0.2161110
209.114100 -12.8301277 0.4188879 -0.1139347 0.0165214 0.9712569 0.0206008 0.2365642
209.322400 -12.7838497 0.4202773 -0.1965099 0.0158259 0.9666157 0.0197747 0.2549756
209.531200 -12.7342234 0.4213883 -0.2781615 0.0134558 0.9631190 0.0182384 0.2681198
209.739400 -12.6818361 0.4226503 -0.3605313 0.0109642 0.9608862 0.0174464 0.2761760
209.947900 -12.6276016 0.4237931 -0.4445675 0.0109198 0.9595960 0.0165662 0.2806811
210.156700 -12.5721207 0.4244870 -0.5299231 0.0106278 0.9589591 0.0145944 0.2829690
210.469100 -12.4899263 0.4251383 -0.6578006 0.0096717 0.9584524 0.0153947 0.2846726
210.677500 -12.4315939 0.4254746 -0.7457265 0.0089433 0.9587560 0.0152472 0.2836801
210.990100 -12.3536015 0.4263273 -0.8795527 0.0060908 0.9603184 0.0155591 0.2784050
211.302700 -12.2758312 0.4279608 -1.0151145 0.0046178 0.9629243 0.0156029 0.2692806
211.615300 -12.2002354 0.4287804 -1.1575357 0.0047766 0.9661632 0.0161286 0.2573825
211.823900 -12.1498384 0.4307596 -1.2531265 0.0066673 0.9682523 0.0171335 0.2492979
212.031900 -12.1030197 0.4315142 -1.3472004 0.0114594 0.9694069 0.0179088 0.2445367
212.344200 -12.0366030 0.4339181 -1.4916691 0.0139409 0.9698221 0.0191102 0.2426634
212.552400 -11.9912863 0.4347539 -1.5786035 0.0166698 0.9704055 0.0197332 0.2400956
212.864600 -11.9333553 0.4357701 -1.7151537 0.0210365 0.9701834 0.0206427 0.2405734
213.072700 -11.8887606 0.4368014 -1.8024907 0.0218155 0.9704401 0.0210009 0.2394346
213.280800 -11.8473444 0.4384635 -1.8917687 0.0230705 0.9703991 0.0218680 0.2394059
213.489000 -11.8057661 0.4395911 -1.9790423 0.0242898 0.9704913 0.0225019 0.2388522
213.593100 -11.7844934 0.4402733 -2.0201364 0.0239495 0.9706792 0.0223645 0.2381347
213.801100 -11.7439947 0.4409221 -2.1010687 0.0249249 0.9702150 0.0236315 0.2397982
214.009100 -11.7039242 0.4422596 -2.1779351 0.0257772 0.9691219 0.0252900 0.2439234
214.217100 -11.6661158 0.4426895 -2.2490389 0.0272523 0.9674266 0.0247327 0.2504623
214.425200 -11.6313696 0.4430160 -2.3132691 0.0270776 0.9655315 0.0248876 0.2576749
214.633200 -11.5959501 0.4434500 -2.3730736 0.0261830 0.9639075 0.0255421 0.2637125
214.841300 -11.5629606 0.4444298 -2.4275908 0.0253242 0.9623097 0.0240190 0.2697071
215.052500 -11.5327921 0.4454423 -2.4773796 0.0249136 0.9606733 0.0236692 0.2755464
215.257800 -11.5030308 0.4451289 -2.5182183 0.0245889 0.9593005 0.0242209 0.2802701
215.466200 -11.4749508 0.4449996 -2.5563366 0.0252305 0.9569001 0.0243749 0.2882909
215.674000 -11.4452038 0.4447452 -2.5890288 0.0252568 0.9539881 0.0229697 0.2978944
215.882200 -11.4145927 0.4435860 -2.6098135 0.0239547 0.9515767 0.0206961 0.3057771
216.090300 -11.3579264 0.4473386 -2.5685847 0.0187861 0.9576372 0.0144371 0.2870012
216.714400 -11.3076982 0.4429147 -2.5925615 0.0113425 0.9444598 0.0093025 0.3282994
216.923100 -11.2784004 0.4417193 -2.6020408 0.0049512 0.9389955 0.0051506 0.3438551
217.130700 -11.2599964 0.4414989 -2.6375020 0.0061683 0.9285215 0.0020000 0.3712220
217.755500 -11.2069445 0.4422444 -2.8018436 0.0151284 0.8660160 0.0076930 0.4997281
218.067900 -11.1674137 0.4418977 -2.8215053 0.0132507 0.8428723 0.0061901 0.5379149
218.276100 -11.1399336 0.4419725 -2.8355725 0.0126667 0.8253073 0.0038016 0.5645290
218.588500 -11.0943375 0.4415688 -2.8514228 0.0152056 0.7974640 0.0030062 0.6031674
218.900800 -11.0440092 0.4408479 -2.8642163 0.0180853 0.7673221 0.0004527 0.6410066
219.213100 -10.9901276 0.4392895 -2.8714831 0.0198442 0.7353143 -0.0010546 0.6774349
219.525600 -10.9333448 0.4364406 -2.8758194 0.0167081 0.7032439 -0.0025484 0.7107477
219.838100 -10.8600874 0.4333173 -2.8739009 0.0166638 0.6754152 0.0012607 0.7372483
220.046600 -10.8042717 0.4317107 -2.8676488 0.0158995 0.6585782 0.0010923 0.7523435
220.255100 -10.7441463 0.4299158 -2.8572977 0.0159256 0.6401006 0.0011183 0.7681252
220.463500 -10.6801500 0.4278063 -2.8428857 0.0158049 0.6196393 0.0067829 0.7846982
220.671700 -10.6123571 0.4260101 -2.8246336 0.0161084 0.5975472 0.0133992 0.8015599
220.880200 -10.5414886 0.4237699 -2.8008747 0.0215639 0.5735642 0.0166244 0.8187080
221.088500 -10.4674330 0.4216972 -2.7709305 0.0282926 0.5498388 0.0177385 0.8346030
221.296900 -10.3897038 0.4188543 -2.7346146 0.0259019 0.5294676 0.0182606 0.8477380
221.505700 -10.3104305 0.4157023 -2.6923962 0.0232202 0.5138411 0.0177556 0.8573872
221.714400 -10.2281895 0.4125798 -2.6453855 0.0223883 0.5036550 0.0145692 0.8634919
221.923300 -10.1434498 0.4091657 -2.5953045 0.0200466 0.4993398 0.0108010 0.8661069
222.241200 -10.0125065 0.4039518 -2.5221269 0.0191677 0.4996613 0.0080076 0.8659717
222.445200 -9.9223919 0.4005170 -2.4728801 0.0197468 0.5004685 0.0073319 0.8654985
222.758100 -9.7846699 0.3955494 -2.4027131 0.0157811 0.5013638 0.0074497 0.8650606
222.966600 -9.6906710 0.3921290 -2.3553634 0.0158416 0.5025951 0.0055018 0.8643593
223.279400 -9.5448427 0.3875674 -2.2844644 0.0159594 0.5052596 0.0019686 0.8628176
223.488000 -9.4445105 0.3833136 -2.2312727 0.0109226 0.5091858 0.0021481 0.8605847
223.696300 -9.3412457 0.3793401 -2.1767957 0.0113534 0.5145732 0.0029449 0.8573662
223.904700 -9.2366982 0.3759564 -2.1268184 0.0116317 0.5190668 0.0049124 0.8546404
224.113300 -9.1298018 0.3725399 -2.0770936 0.0112222 0.5238914 0.0077334 0.8516760
224.321300 -9.0208998 0.3691195 -2.0251589 0.0123924 0.5299684 0.0060084 0.8479055
224.529600 -8.9119406 0.3648528 -1.9766570 0.0118648 0.5363322 0.0054654 0.8439059
224.737700 -8.8011360 0.3610595 -1.9273247 0.0107570 0.5426646 0.0065850 0.8398548
224.945800 -8.6921244 0.3583733 -1.8819128 0.0084205 0.5477324 0.0067451 0.8365840
225.153800 -8.5798855 0.3552753 -1.8347067 0.0065350 0.5510684 0.0072683 0.8344028
225.361700 -8.4699850 0.3530960 -1.7900904 0.0148753 0.5518444 0.0075802 0.8337800
225.569800 -8.3609762 0.3488698 -1.7448472 0.0140784 0.5519972 0.0094901 0.8336731
225.777700 -8.2502432 0.3456886 -1.6988350 0.0118433 0.5527165 0.0088067 0.8332387
225.986100 -8.1411018 0.3421825 -1.6551231 0.0137416 0.5528154 0.0084997 0.8331470
226.193900 -8.0326796 0.3379675 -1.6108271 0.0185039 0.5529746 0.0082068 0.8329521
226.401900 -7.9210477 0.3338529 -1.5660748 0.0184951 0.5529678 0.0088375 0.8329504
226.610000 -7.8096790 0.3296492 -1.5198852 0.0177127 0.5533159 0.0103206 0.8327192
226.818100 -7.6990166 0.3248296 -1.4757572 0.0188013 0.5533080 0.0100154 0.8327043
227.026100 -7.5878720 0.3199546 -1.4304858 0.0188505 0.5535123 0.0102561 0.8325645
227.234600 -7.4755716 0.3161137 -1.3862475 0.0160855 0.5534029 0.0113816 0.8326806
227.442300 -7.3672347 0.3118333 -1.3429536 0.0173831 0.5524200 0.0120283 0.8332978
227.650500 -7.2623496 0.3075742 -1.3000616 0.0189312 0.5507568 0.0112070 0.8343758
227.858600 -7.1554570 0.3030350 -1.2562230 0.0177955 0.5490812 0.0122653 0.8354895
228.066700 -7.0549507 0.2986995 -1.2148768 0.0180695 0.5478535 0.0098296 0.8363214
228.275000 -6.9506216 0.2943682 -1.1702303 0.0128914 0.5498263 0.0079352 0.8351418
228.483200 -6.8468275 0.2910082 -1.1268733 0.0082095 0.5553463 0.0054670 0.8315607
228.691700 -6.7445736 0.2872260 -1.0859467 0.0108444 0.5634990 -0.0015141 0.8260441
228.900100 -6.6419563 0.2833231 -1.0481454 0.0070799 0.5724885 -0.0012402 0.8198813
229.109100 -6.5383644 0.2802768 -1.0144113 0.0067716 0.5802172 -0.0002297 0.8144336
229.316600 -6.4349823 0.2767262 -0.9819671 0.0105093 0.5852872 -0.0002735 0.8107579
229.524700 -6.3296957 0.2730604 -0.9489197 0.0083352 0.5886718 0.0043771 0.8083173
229.733000 -6.2249398 0.2699841 -0.9165182 0.0123616 0.5925182 0.0004764 0.8054621
229.941100 -6.1209335 0.2657968 -0.8849757 0.0114329 0.5958275 -0.0019686 0.8030287
230.149200 -6.0157967 0.2620007 -0.8545566 0.0096198 0.5969599 0.0005045 0.8022133
230.357400 -5.9107165 0.2587923 -0.8234296 0.0056573 0.5978596 -0.0002073 0.8015808
230.565700 -5.8074040 0.2555493 -0.7937503 0.0036712 0.6009989 -0.0054986 0.7992225
230.774000 -5.7040782 0.2516028 -0.7671168 0.0095233 0.6050786 -0.0107451 0.7960362
230.982300 -5.5996284 0.2470888 -0.7410854 0.0098456 0.6104490 -0.0063673 0.7919688
231.190900 -5.4946418 0.2430043 -0.7150646 0.0090175 0.6169727 -0.0045114 0.7869200
231.399400 -5.3899174 0.2390057 -0.6910731 0.0092051 0.6239056 -0.0038973 0.7814358
231.607700 -5.2848201 0.2348580 -0.6690263 0.0103875 0.6304057 -0.0031546 0.7761899
231.815900 -5.1826468 0.2316071 -0.6514472 0.0102026 0.6353912 -0.0010523 0.7721223
232.024100 -5.0766473 0.2274210 -0.6353152 0.0100169 0.6395827 0.0003686 0.7686569
232.232300 -4.9715686 0.2236065 -0.6178144 0.0132800 0.6421888 0.0022776 0.7664281
232.440500 -4.8636503 0.2194573 -0.6006227 0.0152800 0.6436936 0.0036084 0.7651222
232.651700 -4.7561684 0.2149660 -0.5838563 0.0124166 0.6457515 0.0067695 0.7634167
232.856900 -4.6501822 0.2116447 -0.5669721 0.0135588 0.6480259 0.0075376 0.7614603
233.065000 -4.5461297 0.2081811 -0.5517874 0.0138087 0.6498853 0.0087327 0.7598567
233.273100 -4.4400172 0.2048751 -0.5365186 0.0137447 0.6513317 0.0093111 0.7586115
233.481200 -4.3360958 0.2017444 -0.5208945 0.0140241 0.6530289 0.0075890 0.7571651
233.793200 -4.1712251 0.1971110 -0.5074240 0.0135540 0.6535696 0.0097727 0.7566820
234.001200 -4.0656881 0.1942630 -0.4987197 0.0153293 0.6539357 0.0104390 0.7563228
234.313200 -3.9092922 0.1895324 -0.4820831 0.0172824 0.6558883 0.0114393 0.7545734
234.521300 -3.8139436 0.1845738 -0.4769631 0.0141833 0.6558161 0.0125069 0.7546838
234.729300 -3.7078328 0.1818875 -0.4663017 0.0157285 0.6569321 0.0108955 0.7537069
234.937900 -3.6091564 0.1790467 -0.4562794 0.0171671 0.6579243 0.0099432 0.7528228
235.145400 -3.5120568 0.1755921 -0.4453437 0.0181979 0.6600708 0.0082315 0.7509379
235.353500 -3.4126356 0.1722052 -0.4349282 0.0157415 0.6619981 0.0077894 0.7492997
235.561500 -3.3141713 0.1686706 -0.4237488 0.0150226 0.6638778 0.0074922 0.7476526
235.769400 -3.2171493 0.1647450 -0.4136812 0.0180591 0.6651855 0.0068247 0.7464285
235.977600 -3.1162508 0.1611410 -0.4046243 0.0184551 0.6664224 0.0077629 0.7453056
236.185900 -3.0180190 0.1573928 -0.3963956 0.0180022 0.6674572 0.0093147 0.7443722
236.394600 -2.9216874 0.1538521 -0.3870395 0.0176875 0.6687903 0.0100008 0.7431734
236.601800 -2.8278477 0.1504323 -0.3786646 0.0195335 0.6697280 0.0097705 0.7422853
236.809900 -2.7345591 0.1473474 -0.3692863 0.0203840 0.6706509 0.0095414 0.7414316
237.018000 -2.6453533 0.1438010 -0.3606015 0.0193920 0.6715894 0.0107276 0.7405921
237.226100 -2.5583935 0.1404790 -0.3520278 0.0196011 0.6725215 0.0099307 0.7397513
237.434200 -2.4737704 0.1372437 -0.3441471 0.0183232 0.6731625 0.0116430 0.7391759
237.642300 -2.3920336 0.1347642 -0.3360494 0.0154138 0.6739863 0.0157908 0.7384142
237.850500 -2.3137274 0.1325142 -0.3290600 0.0150439 0.6749125 0.0171645 0.7375447
238.162700 -2.2026548 0.1294265 -0.3191090 0.0167714 0.6761913 0.0135250 0.7364110
238.371000 -2.1324708 0.1273494 -0.3130004 0.0186640 0.6766255 0.0127449 0.7359803
238.683400 -2.0342379 0.1241283 -0.3046970 0.0164124 0.6754599 0.0145818 0.7370698
239.308600 -1.8592856 0.1184651 -0.2891126 0.0188356 0.6770265 0.0134674 0.7355943
239.516800 -1.8068993 0.1170615 -0.2851116 0.0200727 0.6784558 0.0152317 0.7342089
239.829500 -1.7358669 0.1145044 -0.2800899 0.0210793 0.6803974 0.0157592 0.7323706
241.079100 -1.5421422 0.1075332 -0.2661184 0.0249222 0.6708682 0.0073886 0.7411209
241.391100 -1.5080644 0.1058924 -0.2611725 0.0262438 0.6556033 0.0073751 0.7546133
248.998900 -1.4445685 0.1016249 -0.2423427 0.0211273 0.6217264 0.0038855 0.7829399
250.248700 -1.4226714 0.1021196 -0.2362396 0.0251666 0.6045123 -0.0028785 0.7961929
250.560600 -1.4030122 0.1004785 -0.2262433 0.0243682 0.5826014 -0.0034187 0.8123854
251.702800 -1.2927998 0.0930267 -0.1392110 0.0098298 0.3969932 -0.0048026 0.9177564
251.910600 -1.2685812 0.0906037 -0.1082665 0.0100206 0.3506256 -0.0049590 0.9364490
252.118500 -1.2456522 0.0887683 -0.0708607 0.0057534 0.3046460 -0.0023194 0.9524454
252.639000 -1.1860749 0.0873701 0.0484647 0.0032093 0.1916604 -0.0022371 0.9814535
252.743200 -1.1715348 0.0874415 0.0796680 0.0038574 0.1700675 -0.0016366 0.9854235
252.951700 -1.1524155 0.0860898 0.1440654 0.0061716 0.1335610 0.0041443 0.9910127
253.056000 -1.1448427 0.0854662 0.1779279 0.0069052 0.1161353 0.0072346 0.9931831
253.160200 -1.1378628 0.0849432 0.2135709 0.0072927 0.0986000 0.0078707 0.9950693
253.368700 -1.1266268 0.0831382 0.2897589 0.0075699 0.0656795 0.0085324 0.9977756
253.473000 -1.1247011 0.0824178 0.3294649 0.0089309 0.0520869 0.0086272 0.9985654
253.994600 -1.1196102 0.0750302 0.5432108 0.0114655 0.0007867 -0.0000652 0.9999340
254.412300 -1.1255045 0.0686662 0.7359439 0.0095661 -0.0106216 -0.0047041 0.9998868
254.829700 -1.1316961 0.0636937 0.9513704 0.0079957 -0.0117019 -0.0047149 0.9998884
255.246700 -1.1436745 0.0585300 1.1864694 0.0023706 -0.0140268 -0.0042605 0.9998897
255.663600 -1.1540719 0.0544016 1.4048918 -0.0004337 -0.0181826 -0.0042838 0.9998254
256.080400 -1.1669933 0.0500733 1.6036334 0.0013823 -0.0202999 -0.0069304 0.9997690
256.601100 -1.1777908 0.0443638 1.8934832 0.0026580 -0.0232882 -0.0061781 0.9997061
257.121800 -1.1920022 0.0369794 2.1712995 -0.0002945 -0.0238498 -0.0025130 0.9997123
257.538200 -1.2030896 0.0326557 2.3896191 0.0035322 -0.0242309 0.0014658 0.9996991
258.059000 -1.2189831 0.0249506 2.6547875 0.0033045 -0.0231971 -0.0049318 0.9997133
258.579600 -1.2337844 0.0188755 2.9212215 0.0011703 -0.0245357 -0.0015169 0.9996971
258.996100 -1.2447213 0.0131305 3.1306796 0.0018905 -0.0262613 -0.0028508 0.9996492
259.517000 -1.2610090 0.0073957 3.3907919 0.0008015 -0.0275760 -0.0042776 0.9996102
259.933500 -1.2724739 0.0027197 3.5952330 -0.0001987 -0.0294908 -0.0029304 0.9995607
260.350100 -1.2858456 -0.0011407 3.7963192 0.0009363 -0.0275915 -0.0022497 0.9996163
260.870800 -1.3006362 -0.0062100 4.0451250 0.0004242 -0.0242445 -0.0039971 0.9996980
261.391700 -1.3125933 -0.0131277 4.2883244 0.0017132 -0.0196602 -0.0045415 0.9997950
261.912500 -1.3203783 -0.0191154 4.5358372 0.0115026 -0.0165895 -0.0003666 0.9997962
262.329100 -1.3305081 -0.0268020 4.7237759 0.0066004 -0.0203836 -0.0044473 0.9997606
262.745600 -1.3559443 -0.0284869 4.9371996 -0.0035430 -0.0250471 -0.0036198 0.9996734
263.058100 -1.3696587 -0.0301072 5.0931454 -0.0020364 -0.0290232 -0.0006993 0.9995764
263.370700 -1.3878754 -0.0336606 5.2477160 0.0106316 -0.0295079 0.0017087 0.9995065
263.579100 -1.3960384 -0.0369454 5.3590226 0.0066380 -0.0312830 0.0011646 0.9994878
263.787300 -1.4068856 -0.0394227 5.4705114 0.0036119 -0.0323059 0.0011594 0.9994708
263.995700 -1.4167180 -0.0424673 5.5857220 0.0057016 -0.0344980 0.0002855 0.9993885
264.204000 -1.4288172 -0.0448124 5.7016096 0.0019091 -0.0362260 -0.0005282 0.9993417
264.412200 -1.4383250 -0.0470367 5.8185372 0.0006997 -0.0387471 -0.0012101 0.9992481
264.620500 -1.4479628 -0.0498425 5.9349217 0.0010723 -0.0411917 -0.0015858 0.9991494
264.828700 -1.4573852 -0.0528050 6.0504274 -0.0001814 -0.0433827 -0.0027229 0.9990548
265.037100 -1.4721342 -0.0548562 6.1661086 0.0008190 -0.0421329 -0.0033986 0.9991059
265.245300 -1.4830451 -0.0574040 6.2811694 0.0012308 -0.0424768 -0.0028362 0.9990926
265.453600 -1.4926835 -0.0592646 6.3952103 -0.0030006 -0.0440483 -0.0018445 0.9990232
265.661800 -1.5051731 -0.0609659 6.5058384 -0.0025768 -0.0448967 -0.0023886 0.9989855
265.870100 -1.5142283 -0.0631016 6.6182065 0.0004503 -0.0459983 -0.0026106 0.9989380
266.078300 -1.5249608 -0.0654346 6.7295861 -0.0005493 -0.0448264 -0.0029394 0.9989903
266.286700 -1.5358084 -0.0670197 6.8371100 -0.0008175 -0.0428362 -0.0029027 0.9990776
266.495100 -1.5449855 -0.0694891 6.9426360 -0.0009675 -0.0418692 -0.0033612 0.9991170
266.703500 -1.5557989 -0.0716594 7.0495925 -0.0012705 -0.0396487 -0.0041425 0.9992043
266.911700 -1.5654324 -0.0737662 7.1529274 0.0004813 -0.0380304 -0.0046023 0.9992658
267.120100 -1.5742044 -0.0761024 7.2543817 0.0024481 -0.0363157 -0.0067503 0.9993145
267.328500 -1.5815783 -0.0776476 7.3604074 0.0036107 -0.0337831 -0.0040378 0.9994145
267.536900 -1.5865802 -0.0802783 7.4615617 0.0018170 -0.0337516 -0.0037173 0.9994217
267.745200 -1.5871315 -0.0821471 7.5663633 0.0082403 -0.0344586 -0.0083608 0.9993372
267.953500 -1.5935540 -0.0839454 7.6655722 0.0091829 -0.0357967 -0.0115213 0.9992505
268.161700 -1.5985885 -0.0863206 7.7665958 0.0079109 -0.0395470 -0.0110777 0.9991250
268.370100 -1.6027224 -0.0885435 7.8677783 0.0050903 -0.0432506 -0.0045365 0.9990410
268.578500 -1.6177357 -0.0908915 7.9725509 -0.0029480 -0.0444245 -0.0019922 0.9990064
268.786700 -1.6536074 -0.1015013 8.0597954 -0.0065729 -0.0372009 -0.0015621 0.9992850
269.203500 -1.7011231 -0.1163800 8.2532969 -0.0002844 -0.0288570 -0.0066637 0.9995613
269.411800 -1.6887150 -0.1104878 8.3586893 0.0026603 -0.0365875 -0.0035398 0.9993206
269.724200 -1.7118019 -0.1064006 8.5407619 0.0060323 -0.0329602 -0.0033785 0.9994327
271.078200 -1.7479117 -0.1230042 9.2718563 0.0027650 -0.0375341 -0.0058644 0.9992743
271.598900 -1.7700152 -0.1292510 9.5625734 -0.0019160 -0.0364163 -0.0061774 0.9993158
272.015500 -1.7857975 -0.1341772 9.7761660 0.0023732 -0.0347823 -0.0058669 0.9993749
272.432100 -1.7988169 -0.1377874 9.9706068 0.0025420 -0.0351277 -0.0048715 0.9993677
272.953000 -1.8174000 -0.1430216 10.2072039 0.0025766 -0.0331044 -0.0027221 0.9994449
273.786700 -1.8540772 -0.1537846 10.5736370 0.0109012 -0.0226948 0.0019786 0.9996811
274.619700 -1.8220214 -0.1587844 10.8539953 -0.0022255 -0.0574201 -0.0073201 0.9983208
274.932600 -1.8400482 -0.1595978 10.9894304 0.0029866 -0.0598867 -0.0122343 0.9981257
275.245600 -1.8555239 -0.1619180 11.1287785 0.0044740 -0.0563533 -0.0068019 0.9983777
275.558400 -1.8721579 -0.1654666 11.2737446 0.0097635 -0.0535981 -0.0030585 0.9985102
275.871100 -1.8896338 -0.1693820 11.4230957 0.0055734 -0.0519734 -0.0053944 0.9986184
276.079600 -1.9003041 -0.1717047 11.5252514 0.0049117 -0.0510772 -0.0027633 0.9986788
276.288000 -1.9115497 -0.1741908 11.6284952 0.0088175 -0.0507477 -0.0012277 0.9986718
276.496500 -1.9226415 -0.1775054 11.7341871 0.0087035 -0.0503821 -0.0016719 0.9986907
276.704900 -1.9342916 -0.1805557 11.8411589 0.0037937 -0.0499167 -0.0024293 0.9987432
276.913100 -1.9453673 -0.1832444 11.9475946 0.0026112 -0.0497089 -0.0038268 0.9987530
277.121500 -1.9574915 -0.1859922 12.0522852 0.0040797 -0.0492969 -0.0056363 0.9987599
277.329900 -1.9680302 -0.1885938 12.1568651 0.0068370 -0.0492564 -0.0042545 0.9987537
277.538200 -1.9783421 -0.1921564 12.2607918 0.0061975 -0.0490019 -0.0017855 0.9987779
277.746600 -1.9882654 -0.1946520 12.3640356 0.0020899 -0.0487921 -0.0025025 0.9988036
277.954900 -1.9986837 -0.1974337 12.4654770 0.0052262 -0.0485653 -0.0055569 0.9987909
278.163200 -2.0096850 -0.2004278 12.5652094 0.0052573 -0.0476166 -0.0083942 0.9988166
278.371500 -2.0196481 -0.2032972 12.6637468 0.0031391 -0.0483273 -0.0071260 0.9988012
278.579900 -2.0306306 -0.2060736 12.7595329 0.0014731 -0.0492809 -0.0063922 0.9987634
278.788100 -2.0410583 -0.2081684 12.8535738 0.0037643 -0.0504906 -0.0068944 0.9986936
278.996200 -2.0508332 -0.2110062 12.9448881 0.0027698 -0.0520072 -0.0075050 0.9986147
279.204500 -2.0610170 -0.2132787 13.0336800 -0.0022940 -0.0530847 -0.0079039 0.9985561
279.412800 -2.0707469 -0.2150531 13.1185207 -0.0024004 -0.0538347 -0.0083592 0.9985120
279.621000 -2.0808048 -0.2163998 13.2013540 0.0023605 -0.0542255 -0.0080973 0.9984931
279.829400 -2.0899827 -0.2185267 13.2843027 0.0023478 -0.0547241 -0.0073714 0.9984716
280.037700 -2.0996780 -0.2202122 13.3673706 0.0020588 -0.0540857 -0.0084325 0.9984986
280.246100 -2.1094408 -0.2225080 13.4487858 0.0066586 -0.0518662 -0.0110927 0.9985702
280.558800 -2.1225612 -0.2265711 13.5712690 0.0101630 -0.0483564 -0.0147281 0.9986698
280.767200 -2.1305194 -0.2292544 13.6530228 0.0086716 -0.0454732 -0.0158850 0.9988016
280.975600 -2.1381099 -0.2320619 13.7352581 0.0071647 -0.0421203 -0.0137597 0.9989921
281.288100 -2.1485322 -0.2352999 13.8609056 0.0054510 -0.0373424 -0.0129951 0.9992031
281.496600 -2.1549144 -0.2376564 13.9464579 0.0033679 -0.0337201 -0.0148641 0.9993151
281.705000 -2.1608305 -0.2392781 14.0329819 0.0070138 -0.0298380 -0.0152748 0.9994134
281.913400 -2.1659179 -0.2413438 14.1226645 0.0040724 -0.0256792 -0.0133779 0.9995724
282.121900 -2.1708274 -0.2437000 14.2131891 0.0109436 -0.0220092 -0.0114493 0.9996323
282.330200 -2.1750379 -0.2469750 14.3054543 0.0122393 -0.0177077 -0.0113347 0.9997041
282.538600 -2.1782086 -0.2498395 14.3995514 0.0081583 -0.0133454 -0.0119832 0.9998059
282.747000 -2.1811047 -0.2531071 14.4939728 0.0117170 -0.0090523 -0.0118752 0.9998199
282.955500 -2.1830769 -0.2570274 14.5905380 0.0143717 -0.0048738 -0.0121213 0.9998114
283.268000 -2.1835358 -0.2628006 14.7396669 0.0088032 0.0016350 -0.0121200 0.9998865
283.476400 -2.1823668 -0.2662025 14.8414993 0.0071417 0.0054004 -0.0114241 0.9998947
283.684800 -2.1808949 -0.2695678 14.9435911 0.0089110 0.0077334 -0.0084426 0.9998947
283.893000 -2.1802292 -0.2731577 15.0467682 0.0124596 0.0088319 -0.0084933 0.9998473
284.101200 -2.1782522 -0.2772695 15.1495419 0.0099438 0.0095968 -0.0089957 0.9998640
284.309500 -2.1768467 -0.2802190 15.2536764 0.0103688 0.0098300 -0.0074110 0.9998705
284.517700 -2.1749651 -0.2840832 15.3590145 0.0114089 0.0092943 -0.0065710 0.9998701
284.726000 -2.1734083 -0.2885436 15.4648542 0.0082479 0.0088749 -0.0057931 0.9999098
284.934100 -2.1723063 -0.2918986 15.5700617 0.0053107 0.0079504 -0.0050406 0.9999416
285.142400 -2.1717129 -0.2953018 15.6744299 0.0073477 0.0073012 -0.0049373 0.9999341
285.350500 -2.1712551 -0.2990255 15.7787867 0.0082584 0.0060496 -0.0066644 0.9999254
285.558700 -2.1710956 -0.3027897 15.8818264 0.0073879 0.0048806 -0.0071137 0.9999355
285.766900 -2.1713748 -0.3067159 15.9840803 0.0080726 0.0037116 -0.0086901 0.9999228
285.975100 -2.1717868 -0.3103552 16.0855904 0.0074554 0.0023030 -0.0094743 0.9999247
286.183400 -2.1725585 -0.3139690 16.1858196 0.0099107 0.0001880 -0.0086790 0.9999132
286.391500 -2.1733632 -0.3178828 16.2852573 0.0100187 -0.0019618 -0.0051908 0.9999344
286.599700 -2.1751225 -0.3210736 16.3849010 0.0003656 -0.0030978 -0.0061971 0.9999759
286.912200 -2.1784379 -0.3248394 16.5304508 0.0052114 -0.0040002 -0.0129321 0.9998948
287.120500 -2.1805508 -0.3274512 16.6259880 0.0074177 -0.0046487 -0.0159044 0.9998352
287.432900 -2.1834314 -0.3318371 16.7696590 0.0031482 -0.0061348 -0.0191404 0.9997931
