0.000000 -0.9529760 0.0604934 -2.2051139 -0.0005877 -0.0024942 -0.0013641 0.9999958
0.104228 -0.9527146 0.0600148 -2.1718869 -0.0000118 -0.0035758 -0.0004769 0.9999935
0.208477 -0.9533931 0.0591135 -2.1394825 0.0005796 -0.0040037 -0.0002963 0.9999918
1.042605 -0.9592734 0.0533201 -1.8704643 0.0067000 -0.0099327 0.0017885 0.9999266
1.146853 -0.9609435 0.0524169 -1.8351028 0.0085507 -0.0103600 0.0009708 0.9999093
1.251125 -0.9619152 0.0516855 -1.7987862 0.0085527 -0.0111377 0.0001239 0.9999014
1.980855 -0.9807168 0.0473050 -1.5391638 0.0025429 -0.0136189 -0.0031084 0.9998992
2.085105 -0.9827641 0.0471984 -1.4932810 -0.0019066 -0.0138242 -0.0027364 0.9998989
2.189354 -0.9834756 0.0466324 -1.4512205 -0.0057273 -0.0144295 -0.0023701 0.9998767
2.606377 -0.9912075 0.0502403 -1.2780787 -0.0028937 -0.0142616 -0.0020222 0.9998921
2.710606 -0.9926931 0.0502918 -1.2313424 -0.0002317 -0.0138945 -0.0003318 0.9999034
2.919104 -0.9962282 0.0496592 -1.1348417 0.0055571 -0.0130226 0.0002676 0.9998997
3.335979 -1.0066905 0.0463913 -0.9325435 0.0072542 -0.0142478 -0.0028475 0.9998681
3.544357 -1.0136416 0.0436576 -0.8281032 0.0078191 -0.0141557 -0.0053747 0.9998548
3.752729 -1.0211442 0.0399353 -0.7277768 0.0075286 -0.0141599 -0.0058776 0.9998541
3.961233 -1.0274428 0.0357040 -0.6348972 0.0057256 -0.0147341 -0.0064651 0.9998541
4.169606 -1.0369769 0.0309343 -0.5893764 0.0051181 -0.0162152 -0.0061350 0.9998366
4.377982 -1.0710050 0.0248213 -0.3306829 0.0024435 -0.0014583 -0.0071487 0.9999704
4.586357 -1.0724728 0.0238011 -0.2455514 0.0009158 -0.0088298 -0.0070307 0.9999359
4.794755 -1.0551522 0.0282247 -0.1644545 0.0014403 -0.0172305 -0.0069538 0.9998263
5.003109 -1.0602176 0.0265312 -0.0402494 0.0024470 -0.0191114 -0.0071476 0.9997888
5.211513 -1.0652227 0.0241383 0.0872330 0.0007411 -0.0207817 -0.0070569 0.9997588
5.419858 -1.0745208 0.0220965 0.1974510 -0.0001872 -0.0211349 -0.0077162 0.9997469
5.628235 -1.0838361 0.0200103 0.3137355 0.0038072 -0.0214480 -0.0089018 0.9997231
5.836733 -1.0930238 0.0181576 0.4312202 0.0025588 -0.0217755 -0.0093715 0.9997157
6.045107 -1.1023144 0.0156212 0.5488924 0.0007182 -0.0219568 -0.0093116 0.9997153
6.253481 -1.1118526 0.0139704 0.6641707 0.0021605 -0.0220783 -0.0088252 0.9997150
6.461983 -1.1195145 0.0112475 0.7805109 0.0043594 -0.0220952 -0.0082246 0.9997125
6.670359 -1.1279360 0.0081698 0.8987656 0.0068398 -0.0219311 -0.0067766 0.9997131
6.878731 -1.1288806 0.0071485 1.0277013 0.0034376 -0.0252660 -0.0051995 0.9996613
7.086981 -1.1431112 0.0026828 1.1383508 -0.0005634 -0.0214223 -0.0040198 0.9997623
7.295357 -1.1560556 0.0013176 1.2513093 0.0024641 -0.0218720 -0.0014626 0.9997567
7.503734 -1.1636108 -0.0014445 1.3699288 0.0067746 -0.0218876 -0.0027875 0.9997336
7.712108 -1.1739472 -0.0035258 1.4847591 0.0054198 -0.0216544 -0.0062055 0.9997315
7.920378 -1.1875062 -0.0068437 1.5981323 0.0042004 -0.0198265 -0.0069447 0.9997705
8.128736 -1.1985885 -0.0072752 1.6645310 0.0031652 -0.0201787 -0.0052943 0.9997774
8.336986 -1.2317736 -0.0061193 1.8757735 0.0030959 -0.0143563 -0.0037651 0.9998851
8.545359 -1.2214708 -0.0124196 1.9635980 0.0041911 -0.0198771 -0.0039031 0.9997860
8.753612 -1.2276866 -0.0163160 2.0705838 0.0038608 -0.0225611 -0.0052843 0.9997240
8.961860 -1.2355902 -0.0182787 2.1842844 -0.0002141 -0.0241010 -0.0067780 0.9996865
9.170238 -1.2501684 -0.0207565 2.2894299 0.0002291 -0.0245000 -0.0069174 0.9996759
9.378487 -1.2600309 -0.0223498 2.4029589 0.0007516 -0.0254505 -0.0064384 0.9996551
9.586735 -1.2682332 -0.0252474 2.5146127 -0.0003992 -0.0273689 -0.0049412 0.9996131
9.794986 -1.2898135 -0.0274808 2.6013074 -0.0022541 -0.0270131 -0.0045423 0.9996222
10.003370 -1.3017701 -0.0285113 2.7004783 -0.0021244 -0.0306173 -0.0034202 0.9995230
10.211610 -1.3106712 -0.0305727 2.7991214 -0.0019564 -0.0350346 -0.0031065 0.9993793
10.419890 -1.3238072 -0.0310758 2.8913286 -0.0032087 -0.0400428 -0.0038938 0.9991852
10.628240 -1.3519377 -0.0314750 2.9444244 -0.0039254 -0.0398331 -0.0054894 0.9991835
10.836610 -1.3618237 -0.0329719 3.0265734 -0.0037065 -0.0430366 -0.0075008 0.9990385
12.192740 -1.4236910 -0.0392386 3.3849406 -0.0008143 -0.0064554 -0.0145374 0.9998732
12.401640 -1.4223599 -0.0402261 3.4292514 0.0037056 0.0162137 -0.0129857 0.9997774
13.237880 -1.3874415 -0.0464972 3.5842617 0.0085002 0.1624290 -0.0053603 0.9866691
13.446740 -1.3695387 -0.0478910 3.6208208 0.0072908 0.2096476 -0.0048819 0.9777376
13.760010 -1.3360534 -0.0506714 3.6699650 0.0104012 0.2813372 -0.0040638 0.9595440
13.968740 -1.3070359 -0.0516785 3.7096250 0.0139776 0.3315975 -0.0081253 0.9432824
14.177490 -1.2758501 -0.0530796 3.7477639 0.0153063 0.3842062 -0.0095911 0.9230706
14.386120 -1.2425936 -0.0544667 3.7749660 0.0138612 0.4351535 -0.0072953 0.9002200
14.594740 -1.2060149 -0.0560364 3.7997413 0.0115307 0.4854541 -0.0056973 0.8741676
14.803370 -1.1634645 -0.0579925 3.8230946 0.0087695 0.5340101 -0.0045288 0.8454205
15.011990 -1.1177678 -0.0591693 3.8478775 0.0108944 0.5795608 -0.0088506 0.8148081
15.220240 -1.0744447 -0.0608450 3.8677373 0.0142502 0.6169539 -0.0069157 0.7868398
15.428120 -1.0219705 -0.0616442 3.8937154 0.0188623 0.6454267 -0.0035424 0.7635811
15.636010 -0.9636476 -0.0631860 3.9106004 0.0136612 0.6649700 -0.0044639 0.7467318
15.843870 -0.9046239 -0.0647182 3.9325144 0.0108051 0.6842269 -0.0027308 0.7291841
16.051740 -0.8399380 -0.0665574 3.9415812 0.0161290 0.6966048 0.0007045 0.7172734
16.259530 -0.7677257 -0.0679182 3.9471042 0.0187091 0.7047353 -0.0034475 0.7092152
16.467120 -0.6961568 -0.0698537 3.9609551 0.0204616 0.7090529 0.0007010 0.7048581
16.674850 -0.6160359 -0.0726198 3.9673917 0.0196824 0.7077239 0.0015942 0.7062132
16.882610 -0.5280885 -0.0752911 3.9702291 0.0187590 0.7064116 -0.0006100 0.7075524
17.090490 -0.4377670 -0.0786954 3.9747686 0.0184215 0.7052180 -0.0010656 0.7087503
17.298620 -0.3463864 -0.0818733 3.9847422 0.0176950 0.7055597 0.0000727 0.7084296
17.506740 -0.2506128 -0.0850111 3.9878764 0.0156251 0.7056676 0.0008049 0.7083703
17.819120 -0.1038798 -0.0900383 3.9914396 0.0147078 0.7064945 0.0038751 0.7075551
18.131620 0.0476497 -0.0950220 3.9949446 0.0159432 0.7069521 -0.0007946 0.7070813
18.444000 0.2052290 -0.1005783 3.9987118 0.0120581 0.7075395 -0.0014411 0.7065695
18.652370 0.3096321 -0.1036868 3.9999909 0.0064194 0.7072827 0.0004086 0.7069016
18.964900 0.4642113 -0.1094333 4.0046988 0.0131758 0.7060492 -0.0046038 0.7080253
19.173270 0.5692203 -0.1130858 4.0090642 0.0143372 0.7054559 -0.0032272 0.7086014
19.381800 0.6712817 -0.1168961 4.0117922 0.0121304 0.7045556 0.0021717 0.7095418
19.694390 0.8187671 -0.1223567 4.0160465 0.0108627 0.7048287 -0.0003938 0.7092943
19.902930 0.9173661 -0.1258388 4.0176926 0.0104376 0.7062094 -0.0009824 0.7079254
20.111410 1.0155210 -0.1295139 4.0204344 0.0093547 0.7076590 -0.0017200 0.7064901
20.319990 1.1114882 -0.1328159 4.0208063 0.0091271 0.7089365 -0.0012999 0.7052120
20.528590 1.2053937 -0.1361112 4.0208821 0.0097372 0.7096419 -0.0013847 0.7044939
20.737490 1.2990407 -0.1395560 4.0208397 0.0095323 0.7105715 -0.0001078 0.7035604
20.945510 1.3904040 -0.1427073 4.0209279 0.0079856 0.7114322 -0.0006990 0.7027091
21.153990 1.4777507 -0.1454167 4.0202832 0.0069601 0.7118281 -0.0005999 0.7023190
21.362520 1.5625179 -0.1484301 4.0198889 0.0088095 0.7119284 -0.0023958 0.7021928
21.571010 1.6456065 -0.1513024 4.0196915 0.0092247 0.7119753 -0.0036705 0.7021344
21.779630 1.7289881 -0.1545437 4.0189204 0.0095079 0.7120074 -0.0027463 0.7021022
21.988560 1.8105420 -0.1575388 4.0193868 0.0074182 0.7121108 -0.0051333 0.7020091
22.196780 1.8926972 -0.1601969 4.0182338 0.0075908 0.7123483 -0.0036553 0.7017756
22.405410 1.9724470 -0.1634389 4.0175591 0.0046959 0.7153951 -0.0059397 0.6986791
22.614140 2.0515101 -0.1659380 4.0141730 0.0091939 0.7195787 -0.0060832 0.6943233
22.926910 2.1717734 -0.1710003 4.0087891 0.0071556 0.7259784 -0.0076815 0.6876373
23.135720 2.2541406 -0.1735752 4.0047488 0.0058001 0.7289923 -0.0094007 0.6844328
23.343940 2.3383076 -0.1760924 3.9989173 0.0046046 0.7303768 -0.0062236 0.6830006
23.552380 2.4240999 -0.1787948 3.9935310 0.0031296 0.7312577 -0.0054337 0.6820725
23.865000 2.5559986 -0.1829042 3.9840126 0.0121844 0.7317184 -0.0046363 0.6814824
24.177660 2.6897802 -0.1882150 3.9751508 0.0098583 0.7320054 -0.0024666 0.6812230
24.386170 2.7790849 -0.1913715 3.9687436 0.0099658 0.7323151 -0.0007074 0.6808927
24.594630 2.8673613 -0.1945950 3.9627099 0.0099363 0.7336717 -0.0020516 0.6794284
24.803130 2.9560976 -0.1973468 3.9562459 0.0103410 0.7351229 -0.0017975 0.6778526
25.012020 3.0442910 -0.2003919 3.9489458 0.0098987 0.7362621 -0.0023697 0.6766199
25.324430 3.1790714 -0.2051583 3.9375398 0.0099630 0.7373658 -0.0038014 0.6754095
25.637140 3.3180749 -0.2096426 3.9267135 0.0064774 0.7387785 -0.0033105 0.6739090
25.845770 3.4118907 -0.2126921 3.9182432 0.0070776 0.7401590 -0.0025015 0.6723900
26.054250 3.5056691 -0.2158685 3.9092071 0.0089687 0.7413358 -0.0038750 0.6710631
26.262800 3.6000516 -0.2192826 3.8996432 0.0127332 0.7417037 -0.0054676 0.6705845
26.471270 3.6976836 -0.2232298 3.8904893 0.0145534 0.7414502 -0.0035275 0.6708408
26.679760 3.7969809 -0.2270379 3.8836589 0.0134859 0.7414806 -0.0021905 0.6708351
26.888310 3.8959596 -0.2306242 3.8746440 0.0112118 0.7401139 -0.0003758 0.6723880
27.096690 3.9967051 -0.2346742 3.8683934 0.0095575 0.7392698 0.0006411 0.6733412
27.305190 4.0956440 -0.2378681 3.8610065 0.0137571 0.7380351 -0.0026491 0.6746168
27.513640 4.1957250 -0.2418308 3.8533428 0.0126782 0.7369805 -0.0044901 0.6757801
27.722410 4.2983737 -0.2458576 3.8468542 0.0118431 0.7366168 -0.0023703 0.6762025
28.034970 4.4480743 -0.2517654 3.8357840 0.0114776 0.7358090 -0.0010336 0.6770911
28.347630 4.5976448 -0.2575911 3.8260438 0.0139028 0.7350647 -0.0001439 0.6778544
28.660380 4.7451663 -0.2633701 3.8183541 0.0081328 0.7347378 -0.0030404 0.6782956
28.973270 4.8896852 -0.2689025 3.8111308 0.0084304 0.7361625 -0.0085848 0.6766979
29.181800 4.9861784 -0.2733620 3.8033788 0.0089413 0.7363119 -0.0077048 0.6765394
29.390270 5.0806971 -0.2777292 3.7965121 0.0110448 0.7365609 -0.0081540 0.6762319
29.703090 5.2170639 -0.2841331 3.7887387 0.0095960 0.7379462 -0.0101288 0.6747153
29.911660 5.3049755 -0.2882883 3.7856965 0.0107312 0.7404636 -0.0118751 0.6719059
30.120140 5.3913565 -0.2930147 3.7812448 0.0106782 0.7429672 -0.0127611 0.6691209
30.328670 5.4795957 -0.2975692 3.7736938 0.0115649 0.7445717 -0.0114989 0.6673433
30.537140 5.5661120 -0.3030960 3.7662017 0.0130058 0.7455873 -0.0182760 0.6660304
30.850030 5.6916199 -0.3107043 3.7580657 0.0122927 0.7489064 -0.0140043 0.6624137
31.058390 5.7747436 -0.3158442 3.7517693 0.0122408 0.7501998 -0.0147262 0.6609339
31.266890 5.8587079 -0.3208418 3.7441719 0.0131855 0.7519592 -0.0181461 0.6588279
31.475390 5.9409156 -0.3266078 3.7353098 0.0173302 0.7528759 -0.0199820 0.6576309
31.788620 6.0608788 -0.3346412 3.7254772 0.0176150 0.7563337 -0.0168112 0.6537327
31.997070 6.1412506 -0.3401912 3.7161300 0.0168870 0.7605355 -0.0154177 0.6488936
32.205560 6.2210512 -0.3454299 3.7048459 0.0163751 0.7665080 -0.0166815 0.6418092
32.414310 6.2977657 -0.3503828 3.6928980 0.0174829 0.7745103 -0.0169940 0.6320913
32.622920 6.3703732 -0.3558540 3.6831088 0.0192212 0.7822737 -0.0147442 0.6224637
32.831540 6.4442520 -0.3611222 3.6705720 0.0224698 0.7885201 -0.0108069 0.6145034
33.040040 6.5215225 -0.3661298 3.6516864 0.0242491 0.7924815 -0.0086790 0.6093518
33.248440 6.5954118 -0.3703860 3.6352141 0.0256249 0.7947984 -0.0028405 0.6063256
33.456640 6.6656027 -0.3749546 3.6208220 0.0274819 0.7955422 0.0021561 0.6052707
33.665120 6.7349510 -0.3788972 3.6075530 0.0308491 0.7950397 -0.0005557 0.6057722
33.873500 6.8054175 -0.3827646 3.5915115 0.0314555 0.7942052 0.0016164 0.6068328
34.081820 6.8749728 -0.3869678 3.5757408 0.0314681 0.7929677 0.0034418 0.6084408
34.394020 6.9709277 -0.3928499 3.5610852 0.0336961 0.7897590 0.0036795 0.6124800
34.602300 7.0390525 -0.3967459 3.5479715 0.0329063 0.7858748 0.0055234 0.6174848
34.810660 7.1033072 -0.4005945 3.5359888 0.0322581 0.7835621 0.0067423 0.6204389
35.019540 7.1688557 -0.4033951 3.5234482 0.0328939 0.7809111 0.0098799 0.6236972
35.227510 7.2311916 -0.4070587 3.5139089 0.0318478 0.7785873 0.0087081 0.6266671
35.539930 7.3197494 -0.4114999 3.5054755 0.0352034 0.7736742 0.0064316 0.6325722
35.748270 7.3807392 -0.4152558 3.4982753 0.0328995 0.7675098 0.0062461 0.6401619
35.956520 7.4424777 -0.4186193 3.4898787 0.0326146 0.7588973 0.0073560 0.6503515
36.164640 7.5029831 -0.4220788 3.4848144 0.0318965 0.7473322 0.0070457 0.6636472
36.476890 7.5920691 -0.4271361 3.4850869 0.0290934 0.7254465 0.0029699 0.6876569
36.685150 7.6514039 -0.4304722 3.4890389 0.0260976 0.7115037 -0.0024202 0.7021934
36.893640 7.7107973 -0.4337842 3.4938657 0.0203059 0.7029889 -0.0071693 0.7108747
37.207180 7.7976251 -0.4389001 3.4986365 0.0110910 0.7086271 -0.0103052 0.7054207
37.520670 7.8833294 -0.4432428 3.4983132 0.0105165 0.7218484 -0.0080336 0.6919247
37.834140 7.9668636 -0.4465837 3.4962831 0.0088609 0.7382169 -0.0086217 0.6744502
38.147940 8.0490208 -0.4504877 3.4868996 0.0082014 0.7528768 -0.0057231 0.6580856
38.460120 8.1303186 -0.4540177 3.4752972 0.0087294 0.7649470 -0.0046470 0.6440173
38.772660 8.2089214 -0.4570081 3.4613149 0.0123837 0.7719195 -0.0032946 0.6355910
39.085300 8.2840157 -0.4601652 3.4480188 0.0120691 0.7735609 -0.0012709 0.6336057
39.397920 8.3578787 -0.4630683 3.4354391 0.0136342 0.7759848 -0.0026437 0.6305987
39.710790 8.4360933 -0.4658112 3.4193804 0.0126656 0.7805961 -0.0032099 0.6248992
40.023700 8.5174360 -0.4691868 3.4016306 0.0147593 0.7860969 -0.0024798 0.6179220
40.336550 8.6014853 -0.4721876 3.3814609 0.0176031 0.7911769 -0.0017897 0.6113315
40.649320 8.6878633 -0.4755961 3.3602214 0.0173797 0.7952149 0.0001232 0.6060785
41.274690 8.8657093 -0.4814748 3.3136015 0.0177811 0.7976054 0.0049917 0.6028968
41.587170 8.9519997 -0.4845480 3.2913389 0.0183752 0.7957730 0.0050543 0.6052951
41.899560 9.0374947 -0.4871902 3.2703140 0.0207275 0.7929224 0.0042624 0.6089550
42.524580 9.1885195 -0.4933880 3.2359617 0.0182733 0.7830654 0.0100215 0.6215900
42.836790 9.2537403 -0.4957374 3.2247672 0.0172554 0.7720610 0.0099816 0.6352358
43.148930 9.3153677 -0.4978640 3.2174621 0.0204190 0.7527306 0.0063115 0.6579816
43.668930 9.4143782 -0.5007813 3.2210352 0.0123193 0.7012761 0.0012200 0.7127823
43.877060 9.4525080 -0.5022030 3.2272539 0.0070222 0.6787320 0.0011126 0.7343516
44.085170 9.4904337 -0.5031709 3.2351503 0.0052385 0.6545160 0.0022020 0.7560267
44.293150 9.5268736 -0.5044355 3.2460160 0.0049958 0.6274422 0.0018180 0.7786450
44.501140 9.5634575 -0.5052430 3.2601929 0.0073960 0.5968890 0.0002623 0.8022897
44.709450 9.5991287 -0.5060250 3.2786839 0.0070065 0.5617239 -0.0038648 0.8272861
44.917460 9.6351042 -0.5071332 3.3015540 0.0079458 0.5220107 -0.0092424 0.8528518
45.333290 9.7069035 -0.5104306 3.3597188 0.0134306 0.4359622 -0.0060212 0.8998446
45.541680 9.7426834 -0.5126173 3.3989627 0.0094088 0.3909845 -0.0097737 0.9202973
45.749840 9.7772341 -0.5146037 3.4430542 0.0092379 0.3461804 -0.0095987 0.9380734
46.167710 9.8453178 -0.5184087 3.5550518 0.0081462 0.2654988 -0.0086210 0.9640383
46.375430 9.8762779 -0.5197490 3.6207902 0.0060662 0.2342702 -0.0088583 0.9721122
46.584500 9.9066725 -0.5214352 3.6925967 0.0027028 0.2105661 -0.0083250 0.9775404
46.793320 9.9357309 -0.5228792 3.7689648 0.0024691 0.1923749 -0.0046929 0.9813071
47.002150 9.9657784 -0.5243124 3.8511150 0.0027327 0.1745015 -0.0010266 0.9846526
47.210900 9.9914093 -0.5257589 3.9383678 0.0032396 0.1576406 -0.0010663 0.9874907
47.419800 10.0162811 -0.5271653 4.0298586 0.0021161 0.1461093 -0.0030322 0.9892616
47.628840 10.0414143 -0.5284938 4.1253338 0.0006780 0.1435583 -0.0058451 0.9896244
47.837650 10.0701418 -0.5300900 4.2240882 0.0009601 0.1428792 -0.0034749 0.9897336
48.046420 10.0974035 -0.5315193 4.3267188 0.0027087 0.1432322 -0.0018108 0.9896837
48.255170 10.1280556 -0.5334918 4.4326782 0.0016743 0.1437218 -0.0015841 0.9896154
48.463660 10.1567526 -0.5346913 4.5403328 0.0000318 0.1449437 -0.0002566 0.9894398
48.672200 10.1878347 -0.5365385 4.6503115 0.0005197 0.1452666 0.0007795 0.9893921
48.880720 10.2185955 -0.5379990 4.7589679 -0.0013639 0.1455171 0.0026748 0.9893512
49.089180 10.2502241 -0.5398399 4.8691206 -0.0020747 0.1455228 0.0043288 0.9893432
49.407810 10.2957621 -0.5429068 5.0318704 -0.0001908 0.1448777 0.0059810 0.9894314
49.714270 10.3397484 -0.5451930 5.1956835 -0.0005167 0.1431168 0.0055856 0.9896899
50.026950 10.3835306 -0.5477480 5.3593907 -0.0006253 0.1412048 0.0049505 0.9899678
50.339430 10.4279652 -0.5505714 5.5222244 -0.0017918 0.1386369 0.0062105 0.9903222
50.652030 10.4694433 -0.5528433 5.6826949 -0.0018799 0.1361435 0.0077119 0.9906573
50.964550 10.5105581 -0.5553066 5.8406587 -0.0020988 0.1331875 0.0085928 0.9910514
51.277040 10.5495567 -0.5573366 5.9939895 -0.0043865 0.1294427 0.0093664 0.9915330
51.589660 10.5843315 -0.5591463 6.1368389 -0.0000550 0.1257016 0.0074336 0.9920403
51.902300 10.6141043 -0.5615144 6.2700849 -0.0037501 0.1206474 0.0085056 0.9926519
52.215240 10.6401558 -0.5631763 6.3924956 -0.0043392 0.1146663 0.0069237 0.9933705
52.527830 10.6618071 -0.5649145 6.5008144 -0.0019363 0.1123617 0.0046334 0.9936547
52.840660 10.6819468 -0.5668250 6.5962996 0.0011971 0.1104723 0.0042330 0.9938695
53.154550 10.6994896 -0.5685217 6.6834035 0.0002399 0.1077582 0.0033170 0.9941716
53.465960 10.7158270 -0.5704892 6.7682743 0.0006306 0.0966980 0.0064105 0.9952929
53.777930 10.7254772 -0.5724170 6.8489814 0.0018376 0.0691686 0.0062182 0.9975839
54.089790 10.7261658 -0.5738235 6.9272647 -0.0002318 0.0243395 0.0048671 0.9996918
54.401580 10.7149038 -0.5748451 7.0021858 -0.0029564 -0.0341479 0.0000888 0.9994124
54.713450 10.6975260 -0.5752475 7.0709071 -0.0054193 -0.1030942 -0.0062397 0.9946373
55.233280 10.6467152 -0.5757317 7.1732593 -0.0143509 -0.2360852 -0.0105184 0.9715694
55.337310 10.6338644 -0.5754834 7.1908970 -0.0148106 -0.2644561 -0.0115152 0.9642152
55.545500 10.6041727 -0.5748211 7.2237358 -0.0153939 -0.3204796 -0.0139712 0.9470273
55.649410 10.5892401 -0.5744597 7.2385659 -0.0168617 -0.3490469 -0.0130790 0.9368622
55.753570 10.5721254 -0.5734034 7.2528577 -0.0184432 -0.3766744 -0.0121239 0.9260827
55.961860 10.5368595 -0.5722238 7.2767925 -0.0215314 -0.4307417 -0.0116127 0.9021437
56.170220 10.4991999 -0.5705379 7.2945533 -0.0233639 -0.4821317 -0.0128820 0.8756924
56.378550 10.4582710 -0.5688567 7.3076029 -0.0202743 -0.5299389 -0.0167610 0.8476278
56.587120 10.4166384 -0.5671228 7.3170676 -0.0179173 -0.5743680 -0.0172147 0.8182200
56.795690 10.3715696 -0.5655569 7.3246999 -0.0144679 -0.6116945 -0.0188165 0.7907379
57.004560 10.3259335 -0.5637960 7.3307524 -0.0132473 -0.6407626 -0.0180449 0.7674127
57.213710 10.2731256 -0.5585263 7.3444753 -0.0176751 -0.6641160 -0.0125246 0.7473156
57.422830 10.2133207 -0.5528281 7.3736172 -0.0169875 -0.6890444 -0.0149743 0.7243653
57.631790 10.1783199 -0.5526242 7.3687520 -0.0170961 -0.6932772 -0.0167408 0.7202737
57.840730 10.1369610 -0.5551561 7.3550673 -0.0163271 -0.6988059 -0.0129550 0.7150077
58.049450 10.0978603 -0.5468493 7.3570313 -0.0159490 -0.7080006 -0.0086325 0.7059789
58.258220 10.0180922 -0.5481238 7.3380857 -0.0149153 -0.7178561 -0.0160753 0.6958460
58.467090 9.9857225 -0.5579261 7.3118134 -0.0164423 -0.7173899 -0.0238563 0.6960691
58.780440 9.7208748 -0.5227140 7.3732853 -0.0093766 -0.7514744 -0.0098610 0.6596220
59.093910 9.6323576 -0.5361093 7.3102674 -0.0074956 -0.7304552 -0.0259647 0.6824258
59.302920 9.5351820 -0.5322035 7.3042164 -0.0053278 -0.7245915 -0.0288892 0.6885523
59.616490 9.3838873 -0.5261890 7.2991352 -0.0024675 -0.7142861 -0.0314081 0.6991444
59.824920 9.2770271 -0.5220004 7.2984805 -0.0009325 -0.7069796 -0.0327299 0.7064756
60.033570 9.1672850 -0.5178533 7.3001795 -0.0009892 -0.6994194 -0.0347014 0.7138678
60.346310 8.9964771 -0.5106868 7.3057818 -0.0023004 -0.6896015 -0.0364106 0.7232695
60.658910 8.8278046 -0.5044401 7.3164973 -0.0032480 -0.6831023 -0.0353500 0.7294595
60.971470 8.6583576 -0.4985952 7.3286028 -0.0031430 -0.6814157 -0.0347695 0.7310635
61.284050 8.4865799 -0.4928075 7.3406663 -0.0021231 -0.6800847 -0.0351153 0.7322890
61.596570 8.3157368 -0.4871638 7.3527045 -0.0016719 -0.6799794 -0.0358661 0.7323516
61.909070 8.1478148 -0.4817409 7.3652921 -0.0003430 -0.6807944 -0.0349436 0.7316405
62.221590 7.9776626 -0.4759692 7.3770380 -0.0027007 -0.6813742 -0.0378907 0.7309489
62.534220 7.8121381 -0.4698717 7.3901010 -0.0015671 -0.6815803 -0.0378301 0.7307631
62.849550 7.6457305 -0.4637054 7.4034495 -0.0017361 -0.6800104 -0.0388595 0.7321699
63.159760 7.4812489 -0.4580658 7.4168992 -0.0011234 -0.6788661 -0.0378209 0.7332865
63.785050 7.1577024 -0.4468403 7.4434743 -0.0017721 -0.6773324 -0.0382688 0.7346789
63.993600 7.0516777 -0.4433206 7.4519234 -0.0013671 -0.6771348 -0.0372931 0.7349122
64.202080 6.9460130 -0.4394573 7.4623408 -0.0000905 -0.6769562 -0.0360611 0.7351394
64.410540 6.8378019 -0.4362600 7.4723387 -0.0004058 -0.6763183 -0.0363936 0.7357098
64.931710 6.5691061 -0.4265834 7.4987350 -0.0048248 -0.6744956 -0.0350589 0.7374302
65.140170 6.4589672 -0.4230196 7.5087175 -0.0030660 -0.6740570 -0.0346223 0.7378611
65.349010 6.3490791 -0.4187629 7.5194097 -0.0012915 -0.6737461 -0.0330175 0.7382237
65.557260 6.2377458 -0.4152113 7.5297999 -0.0012921 -0.6746752 -0.0337372 0.7373422
65.765550 6.1264200 -0.4117229 7.5392985 -0.0028293 -0.6773509 -0.0326969 0.7349277
66.078070 5.9569736 -0.4062202 7.5536795 -0.0032248 -0.6827601 -0.0338008 0.7298533
66.286540 5.8419461 -0.4020829 7.5601063 -0.0027933 -0.6862992 -0.0351465 0.7264643
66.495070 5.7274065 -0.3983735 7.5668893 -0.0000722 -0.6880952 -0.0337183 0.7248366
66.703570 5.6131153 -0.3948810 7.5739160 0.0003857 -0.6887246 -0.0320184 0.7243156
66.911930 5.4966922 -0.3913942 7.5805449 -0.0027683 -0.6892657 -0.0307718 0.7238496
67.120480 5.3806100 -0.3881714 7.5862961 -0.0058221 -0.6896172 -0.0326280 0.7234153
67.328970 5.2659898 -0.3842122 7.5932307 -0.0060429 -0.6900408 -0.0343974 0.7229273
67.537490 5.1531062 -0.3795484 7.5997815 -0.0057382 -0.6904711 -0.0347949 0.7224998
67.745940 5.0405531 -0.3757318 7.6055875 -0.0045339 -0.6910223 -0.0343187 0.7220040
68.162850 4.8136597 -0.3677948 7.6171350 -0.0028745 -0.6914403 -0.0340682 0.7216241
68.371230 4.7007608 -0.3641583 7.6213336 -0.0028905 -0.6908520 -0.0339380 0.7221934
68.892240 4.4240561 -0.3545033 7.6377726 -0.0028786 -0.6902950 -0.0346925 0.7226900
69.100450 4.3104706 -0.3507122 7.6444507 -0.0025532 -0.6909760 -0.0349513 0.7220277
69.308840 4.1977005 -0.3464398 7.6504302 -0.0040089 -0.6909004 -0.0363437 0.7220247
69.517240 4.0847321 -0.3423616 7.6552176 -0.0031602 -0.6912629 -0.0362368 0.7216873
69.829670 3.9209809 -0.3361582 7.6676941 -0.0017642 -0.6919618 -0.0387003 0.7208939
70.142350 3.7577384 -0.3306657 7.6783409 0.0049329 -0.6912830 -0.0384791 0.7215420
70.350780 3.6457171 -0.3273738 7.6841226 0.0032713 -0.6892918 -0.0399505 0.7233741
70.663330 3.4822187 -0.3217882 7.6976113 0.0002858 -0.6870608 -0.0401367 0.7254905
71.184470 3.2087443 -0.3122728 7.7226086 0.0031792 -0.6836227 -0.0392617 0.7287719
71.496920 3.0427756 -0.3071716 7.7367125 0.0031802 -0.6835499 -0.0383771 0.7288872
71.809460 2.8756278 -0.3021460 7.7475553 0.0003330 -0.6836421 -0.0365333 0.7289024
72.017800 2.7632327 -0.2984057 7.7555466 -0.0024318 -0.6846669 -0.0368883 0.7279179
72.434620 2.5409837 -0.2901131 7.7703552 -0.0005983 -0.6840855 -0.0343991 0.7285900
72.642980 2.4280152 -0.2864874 7.7778521 -0.0014786 -0.6836681 -0.0332987 0.7290315
73.267990 2.0959854 -0.2744340 7.7968106 -0.0061460 -0.6871868 -0.0343485 0.7256423
73.476280 1.9832894 -0.2701276 7.8022709 -0.0068123 -0.6896874 -0.0326534 0.7233385
73.684600 1.8707066 -0.2658496 7.8057752 -0.0064079 -0.6914462 -0.0324871 0.7216687
73.997240 1.7039120 -0.2595154 7.8107843 -0.0061284 -0.6936824 -0.0334306 0.7194787
74.205580 1.5922441 -0.2553498 7.8138423 -0.0059856 -0.6944623 -0.0348901 0.7186577
74.414060 1.4829969 -0.2508263 7.8162785 -0.0051217 -0.6946161 -0.0344480 0.7185371
74.622500 1.3722560 -0.2466906 7.8190718 -0.0054484 -0.6951765 -0.0336408 0.7180308
75.143430 1.0953076 -0.2363650 7.8236122 -0.0068566 -0.6976535 -0.0329526 0.7156442
75.351710 0.9862291 -0.2326828 7.8246832 -0.0069753 -0.6988482 -0.0322534 0.7145084
75.560080 0.8787604 -0.2289712 7.8254943 -0.0052576 -0.7005994 -0.0286186 0.7129613
75.768340 0.7710061 -0.2258732 7.8255668 -0.0050704 -0.7021198 -0.0275395 0.7115080
76.185000 0.5561138 -0.2186446 7.8241463 -0.0078336 -0.7039778 -0.0296822 0.7095582
76.393300 0.4525969 -0.2149894 7.8245645 -0.0074602 -0.7039141 -0.0307896 0.7095783
76.601900 0.3484900 -0.2112070 7.8248458 -0.0078706 -0.7038711 -0.0329811 0.7095180
76.810120 0.2462512 -0.2074394 7.8251319 -0.0073002 -0.7042164 -0.0324606 0.7092054
77.226680 0.0484615 -0.1996259 7.8266168 -0.0073777 -0.7061578 -0.0345400 0.7071730
77.436110 -0.0476984 -0.1956549 7.8300271 -0.0065953 -0.7078959 -0.0345203 0.7054419
77.643330 -0.1380000 -0.1920018 7.8347821 -0.0060528 -0.7100576 -0.0343610 0.7032787
77.851700 -0.2297709 -0.1889804 7.8344555 -0.0061350 -0.7107211 -0.0344469 0.7026032
78.060100 -0.3190001 -0.1851577 7.8356462 -0.0060948 -0.7118909 -0.0353776 0.7013719
78.268580 -0.4054985 -0.1819752 7.8351312 -0.0053555 -0.7119240 -0.0365473 0.7012844
78.477150 -0.4851457 -0.1788009 7.8398337 -0.0037934 -0.7105814 -0.0370636 0.7026279
78.685710 -0.5637423 -0.1760029 7.8396754 -0.0029497 -0.7083203 -0.0364548 0.7049430
79.311290 -0.7834213 -0.1690839 7.8480058 -0.0040230 -0.7029083 -0.0345255 0.7104307
79.521320 -0.8539609 -0.1667233 7.8489079 -0.0048932 -0.7021715 -0.0349050 0.7111349
79.936810 -0.9876657 -0.1617776 7.8516250 -0.0054689 -0.7002109 -0.0345446 0.7130789
80.145310 -1.0503585 -0.1597100 7.8533988 -0.0069337 -0.6987511 -0.0350130 0.7144738
83.171270 -1.6617573 -0.1413123 7.9628315 -0.0125880 -0.5264958 -0.0197363 0.8498554
84.110770 -1.7585703 -0.1397118 8.0506067 -0.0020053 -0.3651653 -0.0091878 0.9308952
84.319310 -1.7780379 -0.1404590 8.0775404 -0.0020262 -0.3229412 -0.0098054 0.9463661
84.527960 -1.7914912 -0.1421056 8.0999689 -0.0007619 -0.2808608 -0.0091494 0.9597046
84.737260 -1.7940363 -0.1443318 8.1078367 0.0040148 -0.2414850 -0.0102001 0.9703426
85.154250 -1.9170754 -0.1473865 8.3137779 -0.0006035 -0.1383633 -0.0151045 0.9902661
85.361980 -1.8631572 -0.1438158 8.2912045 0.0057749 -0.1160303 -0.0151607 0.9931132
85.570070 -1.8664157 -0.1462401 8.3240166 0.0088098 -0.0850591 -0.0138726 0.9962404
86.193550 -1.9148895 -0.1535873 8.6370325 0.0072166 -0.0186661 -0.0057087 0.9997834
86.401450 -1.9036804 -0.1548179 8.6661024 0.0069182 -0.0182620 -0.0031445 0.9998044
86.816720 -1.8892179 -0.1566355 8.7845087 0.0068023 -0.0266193 -0.0015216 0.9996213
87.024550 -1.8941599 -0.1589901 8.8670254 0.0085968 -0.0300778 0.0006436 0.9995103
87.232860 -1.9019883 -0.1616647 8.9480381 0.0099481 -0.0325380 -0.0004879 0.9994209
87.440900 -1.9083886 -0.1644332 9.0340643 0.0055473 -0.0335983 -0.0009542 0.9994196
87.648940 -1.9158473 -0.1670903 9.1171608 0.0044851 -0.0347833 -0.0026809 0.9993812
87.857180 -1.9232105 -0.1694185 9.2038116 0.0065700 -0.0351382 -0.0047352 0.9993497
88.169700 -1.9349476 -0.1727364 9.3230858 0.0048700 -0.0370524 -0.0047126 0.9992903
88.482060 -1.9471513 -0.1761423 9.4655638 0.0031376 -0.0384204 -0.0038336 0.9992494
88.794690 -1.9605877 -0.1792439 9.5945597 0.0006671 -0.0412284 -0.0035582 0.9991432
89.003140 -1.9521991 -0.1831348 9.5036173 -0.0043966 -0.0732797 -0.0021418 0.9972994
89.211590 -2.0229259 -0.1740453 9.8665257 0.0071379 -0.0124681 -0.0033786 0.9998911
89.524190 -2.0240161 -0.1815493 9.9452496 0.0053637 -0.0306917 -0.0039201 0.9995068
89.732690 -2.0002003 -0.1876788 9.9679785 0.0006162 -0.0459360 -0.0037994 0.9989370
90.045560 -2.0132217 -0.1896359 10.0811062 0.0026059 -0.0455308 -0.0045123 0.9989493
90.879050 -2.0455754 -0.1958879 10.3395128 0.0013956 -0.0558219 -0.0046232 0.9984291
91.400350 -2.0619123 -0.1987770 10.4667263 0.0014544 -0.0517628 -0.0060890 0.9986398
91.713820 -2.0682161 -0.2007059 10.5357218 0.0025316 -0.0329081 -0.0080898 0.9994224
92.340330 -2.0663126 -0.2047819 10.6678801 0.0098523 0.0429595 -0.0081599 0.9989949
92.968320 -2.0295484 -0.2099706 10.7834558 0.0083405 0.1567226 0.0085242 0.9875706
93.385200 -1.9923743 -0.2129820 10.8523645 0.0153409 0.2449175 0.0041820 0.9694135
93.594110 -1.9676156 -0.2144416 10.8846054 0.0199729 0.2902803 0.0088458 0.9566923
93.802820 -1.9398255 -0.2157501 10.9172506 0.0214143 0.3377335 0.0035857 0.9409913
94.011550 -1.9097322 -0.2185831 10.9491644 0.0151714 0.3847601 -0.0071988 0.9228638
94.220100 -1.8744335 -0.2206585 10.9747944 0.0199992 0.4314579 -0.0019667 0.9019092
94.428710 -1.8350437 -0.2224010 10.9987249 0.0226161 0.4786387 -0.0038758 0.8777121
94.639870 -1.7903881 -0.2248782 11.0231781 0.0162657 0.5240397 -0.0114102 0.8514621
94.845720 -1.7410402 -0.2282272 11.0425320 0.0138102 0.5646024 -0.0096337 0.8251913
95.262120 -1.6293201 -0.2329149 11.0718632 0.0189508 0.6227561 -0.0084424 0.7821410
95.469850 -1.5678947 -0.2358768 11.0831356 0.0147184 0.6434196 -0.0067392 0.7653425
95.677890 -1.5014091 -0.2388974 11.0932827 0.0134334 0.6622213 -0.0086165 0.7491383
95.885910 -1.4305625 -0.2415346 11.0998335 0.0179922 0.6775607 -0.0063806 0.7352190
96.093730 -1.3554270 -0.2442038 11.1050005 0.0151854 0.6899401 -0.0043482 0.7236941
96.301480 -1.2751241 -0.2476351 11.1084919 0.0138032 0.6987672 -0.0028898 0.7152101
96.717080 -1.1034708 -0.2533061 11.1142664 0.0166164 0.7048967 0.0006705 0.7091150
96.924880 -1.0130001 -0.2564781 11.1167250 0.0157887 0.7056969 0.0000780 0.7083378
97.132730 -0.9205555 -0.2591343 11.1185408 0.0158298 0.7063947 0.0030806 0.7076344
97.340580 -0.8264062 -0.2625807 11.1225758 0.0150073 0.7047862 0.0049883 0.7092435
97.548460 -0.7325389 -0.2659422 11.1260290 0.0168253 0.7022055 0.0047640 0.7117595
97.756480 -0.6372520 -0.2688432 11.1302910 0.0159967 0.6998082 0.0054728 0.7141307
97.964520 -0.5412430 -0.2725332 11.1351719 0.0170276 0.6976446 0.0044191 0.7162280
98.173950 -0.4457860 -0.2754781 11.1398563 0.0162858 0.6958871 0.0028413 0.7179608
98.380720 -0.3495198 -0.2789508 11.1455698 0.0120314 0.6947078 0.0017954 0.7191892
98.588990 -0.2523157 -0.2822172 11.1520634 0.0117595 0.6937918 -0.0009515 0.7200790
98.797260 -0.1545044 -0.2854916 11.1591492 0.0113763 0.6935025 -0.0013523 0.7203631
99.109590 -0.0099816 -0.2906273 11.1671133 0.0107855 0.6936080 0.0000926 0.7202719
99.422060 0.1333089 -0.2957096 11.1761713 0.0096068 0.6944194 -0.0006246 0.7195061
99.734760 0.2746716 -0.3005267 11.1836596 0.0066983 0.6966613 -0.0027308 0.7173637
100.047200 0.4169257 -0.3044816 11.1917229 0.0010351 0.6989434 -0.0015424 0.7151746
100.359800 0.5565642 -0.3088963 11.1982203 0.0042636 0.6994126 -0.0025686 0.7147008
100.672200 0.6954747 -0.3133480 11.2051802 0.0059156 0.6995745 -0.0031625 0.7145282
100.985100 0.8333104 -0.3174617 11.2124386 0.0036198 0.7010555 -0.0030895 0.7130908
101.297200 0.9679052 -0.3217799 11.2175837 0.0022157 0.7025185 -0.0034433 0.7116537
101.609900 1.1028874 -0.3252603 11.2238941 0.0031740 0.7024750 -0.0026620 0.7116963
101.922300 1.2324477 -0.3289569 11.2284374 -0.0010134 0.7012751 -0.0031038 0.7128833
102.234900 1.3644043 -0.3326048 11.2359295 0.0007960 0.7015154 -0.0059263 0.7126291
102.547400 1.4941510 -0.3358371 11.2405519 0.0011531 0.7015880 -0.0032164 0.7125746
102.859900 1.6198648 -0.3402216 11.2456942 0.0125693 0.7011722 -0.0101833 0.7128085
103.172400 1.7457029 -0.3454746 11.2522898 0.0059082 0.6998137 -0.0052833 0.7142814
103.484800 1.8722144 -0.3497008 11.2602758 0.0029527 0.6982443 -0.0055662 0.7158319
103.797500 1.9929286 -0.3536626 11.2664261 0.0011453 0.6987031 -0.0091788 0.7153519
104.110100 2.1155968 -0.3577129 11.2739105 -0.0000520 0.7006110 -0.0082961 0.7134952
104.422700 2.2316043 -0.3609540 11.2786407 -0.0005879 0.7009774 -0.0076016 0.7131427
104.735000 2.3443410 -0.3647356 11.2845268 0.0005860 0.6998729 -0.0104863 0.7141902
105.047500 2.4594305 -0.3684791 11.2911463 0.0013830 0.6996282 -0.0105180 0.7144284
105.464400 2.6073749 -0.3729186 11.2991304 0.0008748 0.7006530 -0.0082529 0.7134539
105.777200 2.7142575 -0.3762351 11.3030319 -0.0014755 0.7034979 -0.0088645 0.7106405
106.089900 2.8244319 -0.3799179 11.3039684 0.0032234 0.7087643 -0.0105474 0.7053592
106.402800 2.9428477 -0.3832838 11.3044424 0.0023434 0.7147206 -0.0114660 0.6993122
106.715500 3.0623000 -0.3870569 11.3029213 0.0019719 0.7209657 -0.0122978 0.6928589
107.028200 3.1890655 -0.3918501 11.2978735 0.0016537 0.7266153 -0.0086426 0.6869882
107.340700 3.3194711 -0.3959098 11.2898598 0.0061420 0.7317187 -0.0100381 0.6815052
107.653400 3.4553330 -0.4010823 11.2797060 0.0056366 0.7354759 -0.0050035 0.6775090
107.965800 3.6038728 -0.4055226 11.2711124 0.0060749 0.7369761 -0.0012395 0.6758904
108.278200 3.7553751 -0.4098908 11.2614059 0.0115177 0.7361113 -0.0008392 0.6767620
108.590400 3.9145174 -0.4152361 11.2519188 0.0147709 0.7328526 0.0047908 0.6802102
108.902600 4.0823126 -0.4210247 11.2468910 0.0153603 0.7282353 0.0072937 0.6851162
109.110700 4.1939216 -0.4240399 11.2424383 0.0163458 0.7245021 0.0067269 0.6890459
109.318900 4.3093715 -0.4275798 11.2397680 0.0148081 0.7211741 0.0073273 0.6925569
109.527200 4.4245744 -0.4319260 11.2384443 0.0189343 0.7191347 0.0022122 0.6946091
109.735500 4.5415397 -0.4369073 11.2379408 0.0192352 0.7182760 0.0031209 0.6954853
109.943800 4.6596441 -0.4418284 11.2377014 0.0173966 0.7176630 0.0084334 0.6961222
110.152000 4.7742167 -0.4453278 11.2387676 0.0155138 0.7169296 0.0098887 0.6969028
110.361100 4.8912797 -0.4494091 11.2399187 0.0169266 0.7164603 0.0081186 0.6973752
110.568500 5.0056577 -0.4533574 11.2397699 0.0175675 0.7155603 0.0073319 0.6982915
110.776900 5.1221385 -0.4579346 11.2402325 0.0168437 0.7144447 0.0069371 0.6994548
110.985200 5.2361403 -0.4617008 11.2411671 0.0184067 0.7128466 0.0049822 0.7010607
111.193300 5.3519378 -0.4670022 11.2435522 0.0145765 0.7110568 0.0071881 0.7029467
111.401600 5.4647121 -0.4710785 11.2458944 0.0142650 0.7090624 0.0074976 0.7049616
111.609900 5.5766635 -0.4753822 11.2495384 0.0115375 0.7078333 0.0056157 0.7062629
111.818700 5.6885095 -0.4789867 11.2533722 0.0064110 0.7069847 0.0030965 0.7071930
112.026400 5.8003607 -0.4824064 11.2568998 0.0076605 0.7073686 0.0004249 0.7068033
112.234700 5.9098539 -0.4864293 11.2594223 0.0100187 0.7073807 -0.0023355 0.7067578
112.443000 6.0171781 -0.4903851 11.2615271 0.0095627 0.7076064 -0.0006585 0.7065418
112.651700 6.1255994 -0.4942904 11.2638540 0.0066872 0.7088076 -0.0000033 0.7053702
112.859700 6.2326784 -0.4976563 11.2661028 0.0050775 0.7108015 -0.0018329 0.7033719
113.068100 6.3393536 -0.5013243 11.2675943 0.0038040 0.7136719 -0.0020309 0.7004669
113.276200 6.4444718 -0.5050749 11.2680435 0.0030633 0.7164304 -0.0027974 0.6976462
113.484600 6.5488319 -0.5082382 11.2668953 0.0045175 0.7195507 -0.0040354 0.6944135
113.692900 6.6545229 -0.5116582 11.2645578 0.0038297 0.7240633 -0.0041149 0.6897106
113.901400 6.7596669 -0.5149980 11.2601833 0.0025047 0.7297980 -0.0024554 0.6836539
114.109700 6.8663826 -0.5181499 11.2534428 0.0017294 0.7359704 -0.0009961 0.6770108
114.318100 6.9729800 -0.5207519 11.2456751 0.0016849 0.7422217 -0.0005687 0.6701520
114.526500 7.0786161 -0.5229873 11.2357702 0.0038387 0.7486495 -0.0003562 0.6629548
114.839100 7.2363033 -0.5273566 11.2163134 0.0059858 0.7590238 0.0023886 0.6510310
115.151800 7.3981571 -0.5321023 11.1920538 0.0108828 0.7674682 0.0053943 0.6409719
115.359900 7.5026031 -0.5352979 11.1739674 0.0147407 0.7695523 0.0089761 0.6383505
115.672000 7.6605773 -0.5402750 11.1480694 0.0219600 0.7676256 0.0112506 0.6404233
115.879800 7.7666016 -0.5436686 11.1312017 0.0231555 0.7633805 0.0172220 0.6453041
116.087800 7.8724890 -0.5459040 11.1167736 0.0236398 0.7596619 0.0212988 0.6495394
116.295900 7.9758639 -0.5487214 11.1029339 0.0274240 0.7559346 0.0190405 0.6537953
116.504000 8.0787382 -0.5520216 11.0916805 0.0289727 0.7522084 0.0175067 0.6580551
116.816100 8.2360201 -0.5562988 11.0762281 0.0263550 0.7453709 0.0201865 0.6658229
117.024500 8.3412752 -0.5589223 11.0693073 0.0266242 0.7424483 0.0182134 0.6691263
117.337000 8.4940596 -0.5640094 11.0584526 0.0278491 0.7415538 0.0187583 0.6700526
117.545500 8.5947695 -0.5671061 11.0521288 0.0237871 0.7411049 0.0236897 0.6705494
117.753800 8.6896725 -0.5696601 11.0447407 0.0264100 0.7406998 0.0233033 0.6709122
117.962300 8.7836142 -0.5726433 11.0386839 0.0287504 0.7408769 0.0193791 0.6707453
118.170700 8.8783455 -0.5751472 11.0330544 0.0286709 0.7412379 0.0192184 0.6703544
118.379200 8.9711409 -0.5778435 11.0265627 0.0269145 0.7421278 0.0225538 0.6693379
118.587700 9.0646524 -0.5806809 11.0201502 0.0263659 0.7431164 0.0268985 0.6681013
118.796200 9.1549644 -0.5824819 11.0122280 0.0304000 0.7438374 0.0249448 0.6672028
119.005100 9.2475491 -0.5847047 11.0048599 0.0344329 0.7429113 0.0232164 0.6681004
119.212900 9.3419838 -0.5870529 10.9992046 0.0312824 0.7404759 0.0249635 0.6708902
119.421900 9.4243078 -0.5892426 10.9937897 0.0295612 0.7374098 0.0253215 0.6743232
119.629500 9.5181351 -0.5915930 10.9906492 0.0306254 0.7348830 0.0242020 0.6770697
119.837900 9.6115484 -0.5935878 10.9864454 0.0312534 0.7321776 0.0239796 0.6799736
120.046300 9.6943760 -0.5956517 10.9821701 0.0292187 0.7311834 0.0278562 0.6809854
120.358800 9.8225441 -0.5993305 10.9784327 0.0298083 0.7306889 0.0229719 0.6816726
120.671400 9.9456959 -0.6035722 10.9760809 0.0249482 0.7310527 0.0203092 0.6815622
120.879900 10.0169954 -0.6056428 10.9718676 0.0222928 0.7312211 0.0229703 0.6813891
121.088200 10.0814037 -0.6079275 10.9683790 0.0217201 0.7312424 0.0206132 0.6814601
121.400800 10.1689692 -0.6102601 10.9627800 0.0247198 0.7302202 0.0182455 0.6825207
121.609400 10.2197819 -0.6123431 10.9596729 0.0231413 0.7297140 0.0167192 0.6831563
122.238500 10.3645248 -0.6166947 10.9508753 0.0264412 0.7363774 0.0135709 0.6759180
123.069400 10.5173769 -0.6211334 10.9354858 0.0301313 0.7479426 0.0151575 0.6629059
123.382300 10.5668516 -0.6230627 10.9291067 0.0297094 0.7533015 0.0173669 0.6567743
123.695100 10.6152134 -0.6255603 10.9224930 0.0280460 0.7593803 0.0165159 0.6498324
124.947000 10.8237123 -0.6329420 10.8679209 0.0269528 0.8158003 0.0082365 0.5776465
125.364500 10.9035711 -0.6346396 10.8351889 0.0220299 0.8463973 0.0040291 0.5320808
125.677400 10.9679909 -0.6363803 10.8005257 0.0206541 0.8720540 0.0063543 0.4889324
125.886700 11.0104189 -0.6374999 10.7717438 0.0193923 0.8887683 0.0070376 0.4578922
126.303100 11.0933800 -0.6383081 10.7016268 0.0176634 0.9207017 0.0094534 0.3897525
126.511700 11.1322203 -0.6384945 10.6576891 0.0164117 0.9348239 0.0092897 0.3546106
126.616000 11.1524477 -0.6384524 10.6346970 0.0163695 0.9414981 0.0093303 0.3364911
127.658400 11.3063593 -0.6383429 10.3303118 0.0141368 0.9869072 0.0188369 0.1595604
127.867100 11.3147736 -0.6367681 10.2608442 0.0164698 0.9915699 0.0184324 0.1271931
127.971300 11.3189735 -0.6357745 10.2238970 0.0196389 0.9936226 0.0180635 0.1095542
128.387800 11.3199863 -0.6322921 10.0744295 0.0235622 0.9984903 0.0092114 0.0487552
128.492100 11.3155212 -0.6318775 10.0341377 0.0256798 0.9989266 0.0089526 0.0374980
128.700300 11.2973890 -0.6297141 9.9528656 0.0277181 0.9992669 0.0104948 0.0242334
128.804200 11.2852678 -0.6283641 9.9123983 0.0281322 0.9993184 0.0104362 0.0215064
129.012400 11.2535057 -0.6252611 9.8497715 0.0293473 0.9994171 0.0107952 0.0136968
129.532700 11.2825842 -0.6184238 9.6104021 0.0169969 0.9967993 0.0216574 -0.0750548
129.740800 11.2513485 -0.6128603 9.5345631 0.0163972 0.9962865 0.0165377 -0.0828909
129.844800 11.2316809 -0.6101810 9.4956007 0.0152542 0.9962113 0.0124387 -0.0847086
130.052900 11.2004538 -0.6054556 9.4196100 0.0154731 0.9961002 0.0091734 -0.0863762
130.261000 11.2340164 -0.6128613 9.2263451 0.0191507 0.9896369 0.0186579 -0.1410812
130.469000 11.2066240 -0.6100285 9.1271915 0.0197161 0.9890236 0.0174483 -0.1453930
130.677700 11.1787634 -0.6079661 9.0271034 0.0211792 0.9885538 0.0163307 -0.1484791
130.885300 11.1512136 -0.6054735 8.9264383 0.0228575 0.9884889 0.0161428 -0.1486834
131.093400 11.1233149 -0.6036531 8.8256598 0.0262971 0.9888266 0.0161964 -0.1458362
131.302500 11.0979643 -0.6011519 8.7245445 0.0282174 0.9895842 0.0169212 -0.1401448
131.509500 11.0737810 -0.5994243 8.6256027 0.0284972 0.9904219 0.0175387 -0.1339580
131.717500 11.0511389 -0.5972366 8.5263548 0.0286720 0.9913072 0.0177195 -0.1271768
131.925800 11.0309677 -0.5950612 8.4299726 0.0289091 0.9920077 0.0180096 -0.1214936
132.133900 11.0122080 -0.5930309 8.3347902 0.0282666 0.9925537 0.0192149 -0.1169147
132.342200 10.9934254 -0.5909916 8.2437773 0.0277407 0.9929155 0.0201104 -0.1137756
132.654900 10.9669504 -0.5883939 8.1173258 0.0262059 0.9930021 0.0194002 -0.1135065
132.967600 10.9398527 -0.5863348 8.0012217 0.0254510 0.9927340 0.0198010 -0.1159280
133.280500 10.9084015 -0.5839216 7.8934603 0.0248206 0.9921287 0.0196798 -0.1211497
133.489200 10.8903751 -0.5822561 7.8249583 0.0240992 0.9912266 0.0190489 -0.1285543
133.802200 10.8615894 -0.5803736 7.7237062 0.0230291 0.9883498 0.0194441 -0.1491855
134.115500 10.8265390 -0.5780354 7.6303654 0.0230470 0.9825040 0.0190750 -0.1838229
134.429100 10.7846966 -0.5755927 7.5469050 0.0194745 0.9711978 0.0176538 -0.2368204
134.742800 10.7329025 -0.5736775 7.4738255 0.0192013 0.9530457 0.0139648 -0.3018945
135.056400 10.6734104 -0.5720733 7.4105844 0.0189008 0.9271426 0.0153416 -0.3739172
135.265300 10.6288433 -0.5708894 7.3738155 0.0162451 0.9058939 0.0173765 -0.4228360
135.473900 10.5808868 -0.5695164 7.3428059 0.0165091 0.8821319 0.0182475 -0.4703592
135.682600 10.5255756 -0.5671417 7.3152227 -0.0131081 -0.8561877 -0.0210993 0.5160674
135.891300 10.4676466 -0.5653191 7.2929945 -0.0118822 -0.8285949 -0.0230273 0.5592487
136.099700 10.2063189 -0.5331699 7.0825601 0.0157903 -0.7429299 -0.0410895 0.6679203
137.763500 9.7914953 -0.5407955 7.2611775 -0.0054391 -0.6895985 -0.0293970 0.7235745
138.283500 9.5544453 -0.5317660 7.2702689 -0.0034348 -0.6889787 -0.0313216 0.7240963
138.804100 9.2971535 -0.5222232 7.2827582 -0.0016951 -0.6867378 -0.0331418 0.7261474
139.325000 9.0187778 -0.5114200 7.2982001 -0.0011521 -0.6824300 -0.0347185 0.7301250
139.846000 8.7263079 -0.5007592 7.3214617 -0.0021483 -0.6783572 -0.0337947 0.7339515
140.366800 8.4249067 -0.4908730 7.3442421 -0.0020073 -0.6795107 -0.0350054 0.7328272
140.887500 8.1252899 -0.4808524 7.3656492 0.0003075 -0.6800106 -0.0356663 0.7323343
141.408100 7.8286972 -0.4707795 7.3897605 -0.0019499 -0.6787913 -0.0383458 0.7333268
142.033000 7.4832726 -0.4583721 7.4192491 -0.0012933 -0.6780981 -0.0376123 0.7340072
142.658200 7.1420946 -0.4465803 7.4474044 -0.0013452 -0.6784292 -0.0380204 0.7336801
143.179200 6.8612046 -0.4369463 7.4725389 0.0000515 -0.6752155 -0.0368919 0.7366974
143.804800 6.5203662 -0.4252812 7.5073361 -0.0046264 -0.6729332 -0.0351928 0.7388511
144.325700 6.2302432 -0.4151356 7.5346189 -0.0017222 -0.6757811 -0.0327813 0.7363710
144.950500 5.8732347 -0.4034202 7.5613475 -0.0030241 -0.6867497 -0.0343737 0.7260745
145.575600 5.5067244 -0.3918780 7.5811071 -0.0017797 -0.6912059 -0.0302717 0.7220214
146.305000 5.0706863 -0.3766839 7.6026602 -0.0042819 -0.6918687 -0.0345552 0.7211833
146.825900 4.7607574 -0.3660884 7.6183944 -0.0027659 -0.6909960 -0.0342567 0.7220411
147.450800 4.3941722 -0.3532773 7.6393733 -0.0026456 -0.6906194 -0.0343771 0.7223960
147.867400 4.1470537 -0.3447398 7.6521239 -0.0034286 -0.6914620 -0.0366430 0.7214748
148.492500 3.7852626 -0.3313246 7.6773152 0.0051137 -0.6884411 -0.0384875 0.7242523
149.013600 3.4813681 -0.3219114 7.7025752 0.0007263 -0.6820892 -0.0400376 0.7301717
149.638400 3.1158609 -0.3098336 7.7438211 0.0024593 -0.6778954 -0.0357433 0.7342849
150.158900 2.8023109 -0.3002642 7.7690592 -0.0040278 -0.6786309 -0.0320070 0.7337707
150.783500 2.4230735 -0.2872869 7.7973738 -0.0054456 -0.6850684 -0.0274790 0.7279400
151.408300 2.0390310 -0.2727962 7.8152575 -0.0084081 -0.6905832 -0.0308041 0.7225478
151.928800 1.7141341 -0.2605489 7.8251982 -0.0086507 -0.6946157 -0.0298082 0.7187111
152.449400 1.3934218 -0.2480335 7.8307714 -0.0085221 -0.6989139 -0.0315291 0.7144597
152.970000 1.0736797 -0.2357074 7.8318958 -0.0084030 -0.7012419 -0.0314070 0.7121818
153.386700 0.8211855 -0.2275594 7.8329515 -0.0055869 -0.7030603 -0.0270143 0.7105950
153.907300 0.5106639 -0.2174106 7.8303123 -0.0101831 -0.7050487 -0.0282301 0.7085236
154.323900 0.2744599 -0.2088432 7.8290515 -0.0092969 -0.7067261 -0.0325695 0.7066760
154.740400 0.0523588 -0.1998973 7.8277760 -0.0086952 -0.7084744 -0.0346928 0.7048296
155.157200 -0.1517851 -0.1918129 7.8314152 -0.0072228 -0.7108361 -0.0353106 0.7024336
155.573700 -0.3431122 -0.1843725 7.8326750 -0.0060996 -0.7123124 -0.0366096 0.7008805
155.990600 -0.5167935 -0.1779586 7.8392463 -0.0028839 -0.7078547 -0.0375889 0.7053514
156.825200 -0.8267978 -0.1682668 7.8613062 -0.0052590 -0.6779330 -0.0345607 0.7342920
157.658800 -1.0982811 -0.1587965 7.8952789 -0.0166811 -0.6629909 -0.0243787 0.7480444
158.075300 -1.2218802 -0.1545381 7.9164205 -0.0208637 -0.6684781 -0.0220774 0.7431112
160.680800 -1.6069715 -0.1417940 7.9339118 -0.0145816 -0.6929016 -0.0145328 0.7207382
160.993400 -1.6360546 -0.1411096 7.9346433 -0.0156548 -0.6955425 -0.0146490 0.7181650
161.410500 -1.6747820 -0.1401396 7.9343076 -0.0087301 -0.6998859 -0.0160118 0.7140218
162.348200 -1.8168261 -0.1370245 7.9335203 0.0002369 -0.7089211 -0.0165426 0.7050937
162.556600 -1.8601561 -0.1363176 7.9339485 -0.0025222 -0.7085052 -0.0188142 0.7054502
162.765100 -1.9078516 -0.1346809 7.9324942 -0.0045799 -0.7067446 -0.0232958 0.7070703
163.077900 -1.9851252 -0.1324475 7.9325562 -0.0150356 -0.7054587 -0.0207302 0.7082883
163.286300 -2.0408351 -0.1301720 7.9328580 -0.0153821 -0.7064319 -0.0182766 0.7073777
163.494700 -2.1005390 -0.1274764 7.9321270 -0.0159328 -0.7075029 -0.0170444 0.7063252
163.703000 -2.1643863 -0.1246982 7.9317102 -0.0213753 -0.7092677 -0.0153024 0.7044489
163.911400 -2.2310026 -0.1228089 7.9293284 -0.0156101 -0.7112387 -0.0127865 0.7026609
164.119900 -2.3004208 -0.1204839 7.9279089 -0.0085184 -0.7125323 -0.0085694 0.7015352
164.328400 -2.3770001 -0.1189268 7.9262586 -0.0139693 -0.7128246 -0.0111170 0.7011150
164.536900 -2.4554968 -0.1166455 7.9243550 -0.0137635 -0.7133668 -0.0128082 0.7005386
164.745400 -2.5393212 -0.1141684 7.9220977 -0.0101215 -0.7136450 -0.0111162 0.7003462
164.953900 -2.6230516 -0.1124327 7.9211869 -0.0115154 -0.7139199 -0.0137039 0.6999986
165.162300 -2.7118413 -0.1097997 7.9186058 -0.0137219 -0.7140878 -0.0153042 0.6997543
165.370800 -2.7964518 -0.1074379 7.9167314 -0.0148002 -0.7139551 -0.0163439 0.6998442
165.579300 -2.8861265 -0.1045214 7.9139981 -0.0120381 -0.7128336 -0.0154858 0.7010588
165.787800 -2.9754276 -0.1026035 7.9125600 -0.0128188 -0.7115738 -0.0165794 0.7022988
165.996300 -3.0708950 -0.0996742 7.9100142 -0.0136238 -0.7099184 -0.0172075 0.7039419
166.204900 -3.1664824 -0.0967647 7.9093428 -0.0143871 -0.7089200 -0.0163026 0.7049537
166.413200 -3.2616181 -0.0942357 7.9086528 -0.0143746 -0.7087643 -0.0154395 0.7051299
166.621500 -3.3601091 -0.0906367 7.9067030 -0.0151705 -0.7088895 -0.0154859 0.7049863
166.829900 -3.4577711 -0.0880521 7.9043474 -0.0128279 -0.7092825 -0.0167642 0.7046082
166.934000 -3.5089681 -0.0865472 7.9032488 -0.0121782 -0.7094964 -0.0158654 0.7044252
167.142500 -3.6073105 -0.0835347 7.9013505 -0.0124356 -0.7097624 -0.0184311 0.7040902
167.351000 -3.7093015 -0.0803742 7.8997583 -0.0139159 -0.7095952 -0.0179489 0.7042435
167.559000 -3.8116105 -0.0774722 7.8971806 -0.0155440 -0.7089688 -0.0184673 0.7048267
167.767400 -3.9123604 -0.0742331 7.8956933 -0.0148751 -0.7087068 -0.0187379 0.7050974
167.975600 -4.0147791 -0.0715727 7.8935843 -0.0116424 -0.7081999 -0.0189489 0.7056615
168.183900 -4.1168137 -0.0687889 7.8914452 -0.0101903 -0.7078377 -0.0225012 0.7059430
168.392100 -4.2206087 -0.0648810 7.8901119 -0.0155867 -0.7076689 -0.0273009 0.7058445
168.600500 -4.3219595 -0.0610028 7.8879275 -0.0119807 -0.7074730 -0.0262601 0.7061507
168.808900 -4.4245772 -0.0575799 7.8862185 -0.0075712 -0.7069365 -0.0213454 0.7069143
169.017300 -4.5254478 -0.0548974 7.8852530 -0.0089578 -0.7065169 -0.0213709 0.7073167
169.225900 -4.6279802 -0.0518217 7.8837285 -0.0114540 -0.7060919 -0.0202949 0.7077366
169.434000 -4.7352586 -0.0493614 7.8828368 -0.0110120 -0.7063604 -0.0185093 0.7075247
169.642300 -4.8373394 -0.0468172 7.8817692 -0.0124184 -0.7069515 -0.0181867 0.7069191
169.850700 -4.9410486 -0.0442536 7.8809195 -0.0155692 -0.7072410 -0.0209255 0.7064912
170.059000 -5.0510182 -0.0404123 7.8783450 -0.0117438 -0.7079335 -0.0188074 0.7059310
170.267400 -5.1645689 -0.0373227 7.8745613 -0.0101045 -0.7079177 -0.0193009 0.7059588
170.475800 -5.2653379 -0.0347458 7.8739128 -0.0134359 -0.7081987 -0.0218361 0.7055475
170.684100 -5.3749504 -0.0311546 7.8712535 -0.0114052 -0.7086871 -0.0213232 0.7051083
170.892400 -5.4761677 -0.0282609 7.8683138 -0.0080629 -0.7099151 -0.0234684 0.7038500
171.100700 -5.5920110 -0.0248901 7.8649588 -0.0069815 -0.7111114 -0.0223501 0.7026893
171.308900 -5.6997094 -0.0219876 7.8622489 -0.0087668 -0.7126869 -0.0199465 0.7011438
171.621400 -5.8638659 -0.0188256 7.8556218 -0.0060529 -0.7150910 -0.0169270 0.6988002
171.829800 -5.9714589 -0.0164075 7.8504257 -0.0082710 -0.7166237 -0.0201552 0.6971197
172.038000 -6.0836854 -0.0133309 7.8442211 -0.0099536 -0.7177287 -0.0224837 0.6958885
172.351200 -6.2452397 -0.0094982 7.8371768 -0.0069164 -0.7202411 -0.0177235 0.6934630
172.558700 -6.3556619 -0.0071625 7.8302870 -0.0077966 -0.7219854 -0.0188557 0.6916074
172.766900 -6.4719920 -0.0045177 7.8244772 -0.0080234 -0.7232327 -0.0202820 0.6902599
172.975200 -6.5842175 -0.0023127 7.8169947 -0.0085818 -0.7248387 -0.0197205 0.6885828
173.183400 -6.6965761 0.0004994 7.8090277 -0.0083076 -0.7264336 -0.0180637 0.6869490
173.391600 -6.8016138 0.0030731 7.8023944 -0.0088584 -0.7280064 -0.0175524 0.6852884
173.599900 -6.9190192 0.0058287 7.7928724 -0.0091604 -0.7291170 -0.0155927 0.6841500
173.808100 -7.0254617 0.0081027 7.7855120 -0.0114105 -0.7302512 -0.0162622 0.6828898
174.016400 -7.1368613 0.0108225 7.7771807 -0.0116852 -0.7314003 -0.0158059 0.6816651
174.224700 -7.2474036 0.0131597 7.7669468 -0.0109330 -0.7321920 -0.0151651 0.6808417
174.433100 -7.3565826 0.0155978 7.7578821 -0.0111224 -0.7327231 -0.0134372 0.6803034
174.641400 -7.4674997 0.0178750 7.7491159 -0.0132073 -0.7330188 -0.0133199 0.6799497
174.953800 -7.6309881 0.0215412 7.7360373 -0.0135220 -0.7329293 -0.0115895 0.6800717
175.162100 -7.7421093 0.0236358 7.7264872 -0.0111491 -0.7324656 -0.0109782 0.6806243
175.474500 -7.9079714 0.0268612 7.7136822 -0.0119045 -0.7327008 -0.0151005 0.6802791
175.682800 -8.0177097 0.0294281 7.7053471 -0.0117273 -0.7330413 -0.0163499 0.6798865
175.891100 -8.1273422 0.0320515 7.6952338 -0.0100154 -0.7333173 -0.0152419 0.6796418
176.099300 -8.2369146 0.0342068 7.6862803 -0.0082669 -0.7332442 -0.0167982 0.6797075
176.307600 -8.3476639 0.0370060 7.6768708 -0.0084977 -0.7332854 -0.0172950 0.6796479
176.515700 -8.4568901 0.0392616 7.6676855 -0.0098732 -0.7328773 -0.0159826 0.6801014
176.723900 -8.5673761 0.0414557 7.6586819 -0.0101007 -0.7328573 -0.0152900 0.6801355
176.932200 -8.6771584 0.0434822 7.6492796 -0.0081808 -0.7327871 -0.0138852 0.6802672
177.140500 -8.7888288 0.0456536 7.6399531 -0.0094289 -0.7324023 -0.0163048 0.6806116
177.348600 -8.8977413 0.0477688 7.6315527 -0.0116215 -0.7328174 -0.0137954 0.6801862
177.556900 -9.0055742 0.0499002 7.6226449 -0.0132371 -0.7332070 -0.0127403 0.6797572
177.764900 -9.1124239 0.0521385 7.6140718 -0.0122773 -0.7331545 -0.0119034 0.6798471
178.077300 -9.2787476 0.0555202 7.5997319 -0.0165831 -0.7327051 -0.0156521 0.6801642
178.285500 -9.3827696 0.0576702 7.5920186 -0.0116550 -0.7326635 -0.0104579 0.6804109
178.493800 -9.4901848 0.0589545 7.5836859 -0.0097144 -0.7322853 -0.0087902 0.6808720
178.702100 -9.5964394 0.0609049 7.5751905 -0.0163112 -0.7317502 -0.0134146 0.6812457
178.910400 -9.7022581 0.0628087 7.5675807 -0.0162365 -0.7315797 -0.0146716 0.6814047
179.118400 -9.8045177 0.0646139 7.5606403 -0.0124491 -0.7314706 -0.0054143 0.6817378
179.326700 -9.9093380 0.0665279 7.5525866 -0.0197663 -0.7324710 -0.0086366 0.6804563
179.534800 -10.0111856 0.0700007 7.5451555 -0.0269444 -0.7320829 -0.0144488 0.6805291
179.744400 -10.1109524 0.0724104 7.5359516 -0.0180400 -0.7316862 -0.0108612 0.6813164
179.951300 -10.2205429 0.0740988 7.5303979 -0.0120137 -0.7318697 -0.0065813 0.6813069
180.159600 -10.3198586 0.0757661 7.5233932 -0.0169667 -0.7318665 -0.0138495 0.6810960
180.367800 -10.4088488 0.0786736 7.5132051 -0.0188022 -0.7321586 -0.0173451 0.6806536
180.576000 -10.5022421 0.0812777 7.5060458 -0.0186137 -0.7325248 -0.0153718 0.6803122
180.784300 -10.5813065 0.0829083 7.4997578 -0.0165387 -0.7321901 -0.0120341 0.6807931
180.992700 -10.6724205 0.0855516 7.4932241 -0.0167039 -0.7314173 -0.0121716 0.6816168
181.201300 -10.7752428 0.0882850 7.4862208 -0.0129964 -0.7306125 -0.0114816 0.6825721
181.409200 -10.8657522 0.0894483 7.4801049 -0.0119035 -0.7299922 -0.0123624 0.6832401
181.617500 -10.9551868 0.0910783 7.4743414 -0.0132702 -0.7302493 -0.0135926 0.6829166
181.825600 -11.0418949 0.0923824 7.4679990 -0.0110605 -0.7316552 -0.0136929 0.6814476
182.033900 -11.1277332 0.0942002 7.4606743 -0.0105777 -0.7338424 -0.0145591 0.6790814
182.241800 -11.2129574 0.0964150 7.4520044 -0.0127572 -0.7363693 -0.0158221 0.6762745
182.450100 -11.2971125 0.0979976 7.4437213 -0.0133396 -0.7398018 -0.0145572 0.6725351
182.658200 -11.3808956 0.0997228 7.4349680 -0.0122728 -0.7442411 -0.0099289 0.6677245
182.970500 -11.5037842 0.1021818 7.4191942 -0.0158577 -0.7503947 -0.0146876 0.6606365
183.178800 -11.5839930 0.1044678 7.4081306 -0.0141821 -0.7545373 -0.0122555 0.6559893
183.387100 -11.6624327 0.1063622 7.3952479 -0.0098013 -0.7566808 -0.0139125 0.6535630
183.700300 -11.7817450 0.1084314 7.3773785 -0.0067696 -0.7562426 -0.0213099 0.6539091
184.012900 -11.8990736 0.1113828 7.3604202 -0.0063802 -0.7548145 -0.0256380 0.6554060
184.326100 -12.0111732 0.1144510 7.3449392 0.0004559 -0.7488601 -0.0282175 0.6621270
184.534700 -12.0836048 0.1161352 7.3373771 0.0024475 -0.7403802 -0.0314595 0.6714473
184.743300 -12.1545525 0.1180137 7.3317962 0.0020666 -0.7315134 -0.0307693 0.6811293
184.951900 -12.2223701 0.1195023 7.3283057 0.0013648 -0.7228813 -0.0311436 0.6902687
185.160400 -12.2901888 0.1211736 7.3258004 0.0015113 -0.7131652 -0.0327884 0.7002271
185.994600 -12.5326262 0.1254079 7.3404574 0.0010870 -0.6706231 -0.0266743 0.7413177
186.203000 -12.5865126 0.1265244 7.3482852 0.0007979 -0.6602978 -0.0254659 0.7505715
186.411400 -12.6389122 0.1275077 7.3572106 -0.0012847 -0.6500455 -0.0249032 0.7594861
186.619800 -12.6901417 0.1286215 7.3665709 -0.0015877 -0.6409624 -0.0252931 0.7671538
186.828000 -12.7352428 0.1290047 7.3758535 -0.0033625 -0.6356609 -0.0227205 0.7716267
187.036100 -12.7840052 0.1299667 7.3855939 -0.0057086 -0.6341092 -0.0208543 0.7729412
187.660100 -12.9087505 0.1317683 7.4072580 -0.0099490 -0.6518639 -0.0189205 0.7580346
187.868000 -12.9448938 0.1327718 7.4107184 -0.0101452 -0.6659689 -0.0185636 0.7456795
188.076000 -12.9789791 0.1335435 7.4125013 -0.0119055 -0.6830625 -0.0179513 0.7300422
188.491800 -13.0410614 0.1347613 7.4083371 -0.0117377 -0.7279831 -0.0205200 0.6851875
188.907700 -13.1004553 0.1364731 7.3947730 -0.0070775 -0.7770911 -0.0185247 0.6290757
189.115800 -13.1258526 0.1373406 7.3854141 -0.0063991 -0.7994403 -0.0189162 0.6004136
189.324100 -13.1504126 0.1379819 7.3741665 -0.0024545 -0.8205079 -0.0210700 0.5712414
189.740600 -13.1969490 0.1391330 7.3462772 0.0004332 -0.8562477 -0.0278170 0.5158159
190.053200 -13.2303534 0.1407792 7.3220282 -0.0036600 0.8786828 0.0289723 -0.4765121
190.678900 -13.2943573 0.1430851 7.2689781 -0.0047144 0.9063718 0.0273359 -0.4215693
190.887500 -13.3139973 0.1438062 7.2502251 -0.0034336 0.9137031 0.0227447 -0.4057307
191.200200 -13.3446016 0.1457598 7.2190876 -0.0019998 0.9246971 0.0169473 -0.3803211
191.408800 -13.3641920 0.1466016 7.1958857 0.0012216 0.9330271 0.0198768 -0.3592546
192.137900 -13.3777275 0.1497515 7.0861025 0.0016379 0.9516769 0.0194353 -0.3064811
192.345600 -13.3771200 0.1501089 7.0512919 -0.0015549 0.9564666 0.0163205 -0.2913812
192.553800 -13.4900789 0.1571739 6.9849806 0.0048854 0.9803269 0.0167165 -0.1966109
192.762500 -13.5129938 0.1558596 6.9322972 0.0097287 0.9856796 0.0177010 -0.1674152
192.970700 -13.5292358 0.1566228 6.8844137 0.0065859 0.9891126 0.0189732 -0.1457841
193.179500 -13.5508385 0.1603249 6.8215337 0.0068002 0.9907067 0.0196616 -0.1344152
193.388000 -13.5661964 0.1621435 6.7624011 0.0139160 0.9923047 0.0188672 -0.1215802
193.596300 -13.5805130 0.1644775 6.7005568 0.0156108 0.9941394 0.0160131 -0.1057672
193.804800 -13.5942364 0.1670725 6.6332083 0.0180784 0.9955895 0.0170541 -0.0904649
194.013300 -13.6058254 0.1693180 6.5606546 0.0197628 0.9967489 0.0192480 -0.0757012
194.221800 -13.6176548 0.1719513 6.4820619 0.0198605 0.9975734 0.0167863 -0.0645833
194.430500 -13.6277866 0.1746674 6.3997302 0.0194196 0.9979650 0.0168558 -0.0583487
194.639200 -13.6381464 0.1773848 6.3113537 0.0196826 0.9981299 0.0176474 -0.0551166
194.847700 -13.6493301 0.1804882 6.2172213 0.0198577 0.9982387 0.0170990 -0.0532249
195.056300 -13.6612864 0.1837234 6.1167278 0.0220267 0.9982365 0.0179947 -0.0521043
195.264800 -13.6750803 0.1873986 6.0141196 0.0246818 0.9982278 0.0192574 -0.0506081
195.473300 -13.6881227 0.1909262 5.9049258 0.0253883 0.9983083 0.0166474 -0.0495867
195.786100 -13.7053165 0.1952992 5.7337151 0.0222229 0.9984429 0.0166875 -0.0483663
195.994400 -13.7177277 0.1988861 5.6154447 0.0236263 0.9983462 0.0222263 -0.0474615
196.307000 -13.7383337 0.2045368 5.4375596 0.0264883 0.9983262 0.0238426 -0.0455497
196.619500 -13.7554855 0.2100860 5.2598100 0.0236261 0.9985549 0.0222542 -0.0428332
196.932000 -13.7736826 0.2150180 5.0812240 0.0224203 0.9986397 0.0236204 -0.0407198
197.244800 -13.7895069 0.2203442 4.9040179 0.0242441 0.9986836 0.0240473 -0.0382758
197.557200 -13.8055258 0.2257992 4.7265248 0.0211763 0.9987944 0.0243118 -0.0370166
197.869800 -13.8215742 0.2314068 4.5499711 0.0207289 0.9988284 0.0236591 -0.0367738
198.078100 -13.8319664 0.2350784 4.4323087 0.0212334 0.9988280 0.0236378 -0.0365110
198.286400 -13.8435669 0.2383771 4.3180733 0.0219436 0.9988161 0.0251005 -0.0354237
198.598700 -13.8580284 0.2436334 4.1478076 0.0202567 0.9988917 0.0246388 -0.0346117
198.911000 -13.8707933 0.2484667 3.9788647 0.0195490 0.9989825 0.0234738 -0.0331770
199.119200 -13.8803558 0.2520838 3.8654516 0.0189390 0.9990271 0.0223897 -0.0329360
199.327500 -13.8880167 0.2554046 3.7533622 0.0179112 0.9989803 0.0247339 -0.0332520
199.639900 -13.9065447 0.2600731 3.5882068 0.0178094 0.9988834 0.0223162 -0.0376415
199.848200 -13.9742451 0.2668824 3.4205296 0.0158930 0.9990976 0.0222082 -0.0325280
200.056800 -14.0044994 0.2699376 3.2961273 0.0166035 0.9988140 0.0213837 -0.0404663
200.265000 -14.0218668 0.2733254 3.1848526 0.0200302 0.9985895 0.0214775 -0.0442318
200.473300 -14.0372534 0.2764849 3.0748250 0.0196512 0.9983453 0.0265209 -0.0470873
200.681600 -14.0542650 0.2811996 2.9646230 0.0159790 0.9981405 0.0309256 -0.0500374
200.889800 -14.0717049 0.2856087 2.8543684 0.0127107 0.9983066 0.0247499 -0.0510857
201.098000 -14.0898228 0.2894344 2.7450190 0.0155648 0.9983174 0.0217798 -0.0514365
201.306400 -14.1088476 0.2931217 2.6328700 0.0173172 0.9982172 0.0255007 -0.0511095
201.514700 -14.1217203 0.2972147 2.5258226 0.0157842 0.9981014 0.0281494 -0.0524606
201.723300 -14.1394825 0.3017927 2.4154661 0.0153734 0.9981107 0.0270111 -0.0530015
201.931300 -14.1552038 0.3055790 2.3072412 0.0160827 0.9981417 0.0263417 -0.0525418
202.139600 -14.1720657 0.3089134 2.2004941 0.0160688 0.9981924 0.0270037 -0.0512294
202.347900 -14.1871414 0.3127799 2.0935297 0.0153057 0.9982493 0.0276392 -0.0500011
202.556200 -14.2025642 0.3170722 1.9850136 0.0152891 0.9983481 0.0273307 -0.0481692
202.764600 -14.2181807 0.3205472 1.8774968 0.0150054 0.9984455 0.0270939 -0.0463397
202.972900 -14.2313824 0.3242305 1.7701076 0.0138361 0.9985312 0.0268021 -0.0450071
203.181300 -14.2461729 0.3281929 1.6615915 0.0128462 0.9985703 0.0271992 -0.0441883
203.389700 -14.2599382 0.3323343 1.5553381 0.0120309 0.9986005 0.0274310 -0.0435866
203.598100 -14.2742271 0.3358845 1.4489206 0.0114116 0.9986050 0.0267801 -0.0440524
203.806500 -14.2886438 0.3398581 1.3413411 0.0101407 0.9985623 0.0262826 -0.0456051
204.119200 -14.3151827 0.3459712 1.1812850 0.0091702 0.9983464 0.0272510 -0.0497773
204.327700 -14.3333282 0.3493767 1.0765699 0.0096531 0.9981962 0.0269475 -0.0527722
204.536200 -14.3462648 0.3526659 0.9766642 0.0099830 0.9979919 0.0265791 -0.0566228
204.744700 -14.3695765 0.3569462 0.8705604 0.0097749 0.9979324 0.0264230 -0.0577695
204.953000 -14.3921480 0.3605306 0.7653927 0.0099670 0.9978933 0.0266997 -0.0582817
205.161200 -14.4121790 0.3640363 0.6619861 0.0102878 0.9978221 0.0261183 -0.0596912
205.369400 -14.4305267 0.3677791 0.5601936 0.0101992 0.9977712 0.0263123 -0.0604669
205.577700 -14.4474096 0.3713675 0.4579905 0.0113735 0.9978386 0.0268494 -0.0588885
205.785700 -14.4621315 0.3739043 0.3584020 0.0127133 0.9981363 0.0266178 -0.0534215
206.097700 -14.4790955 0.3783551 0.2087356 0.0133339 0.9987365 0.0269769 -0.0402473
206.305800 -14.4855814 0.3818541 0.1108762 0.0132392 0.9990660 0.0279218 -0.0302035
206.513700 -14.4885340 0.3851998 0.0143161 0.0143437 0.9993533 0.0266601 -0.0194031
206.722100 -14.4861345 0.3883620 -0.0810651 0.0156453 0.9995413 0.0248587 -0.0073760
206.929800 -14.4849176 0.3919800 -0.1781564 0.0176508 0.9994608 0.0262311 0.0088546
207.137600 -14.4814034 0.3952481 -0.2750406 0.0186782 0.9991333 0.0240170 0.0284079
207.345600 -14.4728317 0.3976807 -0.3709911 0.0178234 0.9983584 0.0242829 0.0487150
207.553700 -14.4598284 0.4004814 -0.4661490 0.0179569 0.9971297 0.0241044 0.0694894
207.761600 -14.4433861 0.4030688 -0.5608686 0.0184239 0.9953350 0.0231182 0.0918381
207.969500 -14.4220181 0.4052846 -0.6563419 0.0182709 0.9929815 0.0208585 0.1149731
208.177600 -14.3963823 0.4069624 -0.7542118 0.0179345 0.9899619 0.0209902 0.1386116
208.385700 -14.3639631 0.4087254 -0.8505366 0.0184278 0.9863895 0.0223643 0.1618518
208.593700 -14.3261929 0.4105633 -0.9454541 0.0204996 0.9822068 0.0219314 0.1853879
208.802200 -14.2844963 0.4128469 -1.0392615 0.0200089 0.9775732 0.0219842 0.2084877
209.010200 -14.2393408 0.4148811 -1.1322966 0.0190507 0.9729280 0.0196836 0.2294791
209.218200 -14.1869297 0.4166166 -1.2265679 0.0182125 0.9681252 0.0177749 0.2491708
209.531200 -14.0992308 0.4187720 -1.3660235 0.0148931 0.9623830 0.0164199 0.2707906
209.739400 -14.0386620 0.4197968 -1.4583391 0.0127634 0.9601159 0.0158471 0.2788609
209.947900 -13.9779692 0.4216919 -1.5579094 0.0125727 0.9586776 0.0147394 0.2838341
210.260700 -13.8845272 0.4227487 -1.7071592 0.0129936 0.9576423 0.0131187 0.2873677
210.469100 -13.8256502 0.4232185 -1.8062983 0.0116969 0.9573421 0.0136732 0.2883962
210.781700 -13.7268209 0.4249044 -1.9600722 0.0101408 0.9581308 0.0130094 0.2858553
211.094400 -13.6421795 0.4262366 -2.1206019 0.0078552 0.9600260 0.0138643 0.2794570
211.406900 -13.5512571 0.4272017 -2.2746549 0.0068045 0.9631652 0.0135981 0.2684803
211.719600 -13.4693451 0.4282953 -2.4386168 0.0076621 0.9666201 0.0151742 0.2556494
211.927900 -13.4260492 0.4299563 -2.5510547 0.0108466 0.9680944 0.0162132 0.2498252
212.136100 -13.3812027 0.4311408 -2.6591101 0.0144592 0.9686087 0.0169265 0.2475916
212.344200 -13.3397007 0.4331044 -2.7662864 0.0152658 0.9685895 0.0179066 0.2475492
212.552400 -13.2903652 0.4340866 -2.8675883 0.0179609 0.9690801 0.0184689 0.2453978
212.864600 -13.2237968 0.4351915 -3.0240517 0.0221814 0.9691501 0.0193583 0.2447065
213.072700 -13.1778278 0.4364360 -3.1259906 0.0234584 0.9691221 0.0199982 0.2446471
213.280800 -13.1316376 0.4378295 -3.2251949 0.0251280 0.9692607 0.0211467 0.2438343
213.489000 -13.0860157 0.4387971 -3.3267446 0.0260431 0.9691890 0.0218321 0.2439624
213.697100 -13.0396347 0.4400276 -3.4225385 0.0257926 0.9693043 0.0221265 0.2435044
213.905100 -12.9945993 0.4414939 -3.5139835 0.0271671 0.9684333 0.0232537 0.2466945
214.113100 -12.9555254 0.4423628 -3.6026149 0.0275079 0.9668067 0.0245377 0.2528360
214.321100 -12.9140549 0.4428201 -3.6808960 0.0290359 0.9647994 0.0234468 0.2603253
214.529200 -12.8748121 0.4435211 -3.7554383 0.0278498 0.9631319 0.0245679 0.2664539
214.737400 -12.8371887 0.4440210 -3.8230908 0.0270184 0.9613926 0.0238381 0.2728112
214.945500 -12.7769947 0.4415825 -3.8314226 0.0227509 0.9661651 0.0218414 0.2559891
215.153700 -12.7400227 0.4407473 -3.8805244 0.0222270 0.9656345 0.0217329 0.2580383
215.362200 -12.7051048 0.4396130 -3.9201639 0.0222100 0.9649079 0.0220124 0.2607197
215.570100 -12.6654186 0.4384922 -3.9521892 0.0215448 0.9637448 0.0208956 0.2651325
215.778200 -12.6044388 0.4343150 -3.9320388 0.0188026 0.9672502 0.0179164 0.2524925
215.986200 -12.6395760 0.4460990 -4.1365600 0.0288466 0.9433780 0.0206256 0.3298189
216.610300 -12.6696720 0.4486525 -4.2508736 0.0324314 0.9197302 0.0177867 0.3908046
216.818400 -12.6214819 0.4541140 -4.6458898 0.0397864 0.8073480 0.0272064 0.5881037
217.026600 -12.5560675 0.4523981 -4.5880289 0.0340538 0.8116874 0.0229717 0.5826459
217.651400 -12.4492025 0.4456701 -4.4293780 0.0251854 0.8319278 0.0121505 0.5541788
217.859600 -12.3980732 0.4410378 -4.3410916 0.0164048 0.8492593 0.0066226 0.5276794
218.172000 -12.3588142 0.4397240 -4.3546896 0.0135137 0.8262436 0.0035801 0.5631394
218.484300 -12.3141012 0.4384810 -4.3669357 0.0143956 0.7998641 0.0018985 0.6000054
218.796700 -12.2634287 0.4367835 -4.3773484 0.0168018 0.7712759 0.0002575 0.6362791
219.421400 -12.1379805 0.4326688 -4.3895712 0.0175087 0.7086283 -0.0043193 0.7053515
219.629700 -12.0841274 0.4308271 -4.3867984 0.0157391 0.6888182 -0.0021307 0.7247602
219.838100 -12.0273266 0.4287211 -4.3838029 0.0163106 0.6713039 0.0001891 0.7410027
220.046600 -11.9642239 0.4267954 -4.3773046 0.0154306 0.6546104 0.0000749 0.7558089
220.359200 -11.8588781 0.4242081 -4.3614659 0.0155011 0.6260377 0.0029402 0.7796332
220.567600 -11.7816954 0.4221355 -4.3419981 0.0153263 0.6053486 0.0099586 0.7957506
220.775800 -11.7015867 0.4202884 -4.3203316 0.0177866 0.5820681 0.0142248 0.8128210
221.088500 -11.5744762 0.4165275 -4.2756481 0.0277103 0.5466631 0.0166833 0.8367277
221.296900 -11.4863644 0.4135464 -4.2375131 0.0252747 0.5269473 0.0171618 0.8493487
221.505700 -11.3936529 0.4111427 -4.1949391 0.0230497 0.5122746 0.0167729 0.8583485
221.714400 -11.3011351 0.4075936 -4.1524324 0.0221483 0.5035787 0.0136270 0.8635579
221.923300 -11.2428274 0.4070283 -4.2146492 0.0196485 0.4902254 0.0100023 0.8713168
222.241200 -11.0816259 0.4028166 -4.1298761 0.0189086 0.4939392 0.0070948 0.8692619
222.445200 -10.9718151 0.3980940 -4.0669365 0.0198957 0.4957072 0.0070441 0.8682332
222.653900 -10.8608875 0.3937580 -4.0047002 0.0173300 0.4969410 0.0076521 0.8675775
222.966600 -10.6917515 0.3876691 -3.9108284 0.0163661 0.4995509 0.0052759 0.8661138
223.279400 -10.5152998 0.3795016 -3.8135195 0.0158382 0.5039995 0.0017966 0.8635568
223.488000 -10.3950958 0.3745744 -3.7478552 0.0109015 0.5079764 0.0018473 0.8613000
223.696300 -10.2712135 0.3699988 -3.6820111 0.0111879 0.5131745 0.0022646 0.8582084
223.904700 -10.1463242 0.3655911 -3.6194677 0.0114625 0.5178417 0.0043069 0.8553888
224.217200 -9.9562845 0.3595929 -3.5262783 0.0117012 0.5262379 0.0065929 0.8502313
224.425500 -9.8250132 0.3553506 -3.4632852 0.0125879 0.5326284 0.0044394 0.8462440
224.633700 -9.6940298 0.3496487 -3.4038782 0.0104276 0.5389851 0.0050843 0.8422354
224.841700 -9.5637865 0.3453762 -3.3475893 0.0094230 0.5448406 0.0052194 0.8384705
225.049800 -9.4316702 0.3414604 -3.2927432 0.0069867 0.5493448 0.0069053 0.8355380
225.257700 -9.2996979 0.3371761 -3.2378953 0.0104875 0.5517827 0.0085222 0.8338785
225.465900 -9.1676044 0.3331461 -3.2000535 0.0150055 0.5496546 0.0077101 0.8352216
225.673700 -9.0375366 0.3284144 -3.1310303 0.0124559 0.5522664 0.0087815 0.8335284
225.881700 -8.9074373 0.3244013 -3.0748281 0.0116525 0.5523472 0.0086129 0.8334882
226.089900 -8.7767553 0.3199715 -3.0199873 0.0161783 0.5521919 0.0079799 0.8335219
226.297800 -8.6475286 0.3152894 -2.9698372 0.0186915 0.5522135 0.0081023 0.8334538
226.505900 -8.5143919 0.3096856 -2.9135926 0.0172511 0.5527472 0.0093476 0.8331180
226.714100 -8.3819656 0.3046927 -2.8609371 0.0176760 0.5527307 0.0103386 0.8331083
226.922100 -8.2503138 0.2996387 -2.8079479 0.0192015 0.5527889 0.0095198 0.8330457
227.130200 -8.1191645 0.2941067 -2.7519295 0.0168598 0.5533383 0.0103255 0.8327220
227.338400 -7.9882684 0.2891739 -2.6981812 0.0158323 0.5531912 0.0114517 0.8328251
227.546300 -7.8588424 0.2842862 -2.6448677 0.0182391 0.5521718 0.0112643 0.8334547
227.754500 -7.7303495 0.2800866 -2.5985875 0.0180779 0.5523090 0.0116268 0.8333623
227.962600 -7.6767554 0.2791003 -2.6389134 0.0172709 0.5429507 0.0112150 0.8395121
228.170900 -7.4922004 0.2725053 -2.5165117 0.0159511 0.5570375 0.0075629 0.8302997
228.379100 -7.4397421 0.2694430 -2.5450194 0.0084873 0.5490769 0.0074040 0.8356960
228.587400 -7.3234935 0.2680825 -2.5098355 0.0095834 0.5569703 0.0013021 0.8304761
228.795900 -7.2082500 0.2638977 -2.4700363 0.0097228 0.5666059 -0.0022494 0.8239285
229.004600 -7.0922379 0.2603270 -2.4325476 0.0054160 0.5760947 -0.0004066 0.8173649
229.212500 -6.9746866 0.2570724 -2.3975990 0.0092116 0.5831472 -0.0008855 0.8123138
229.420600 -6.8627958 0.2549406 -2.3719428 0.0105662 0.5890449 0.0041727 0.8080204
229.628900 -6.8696418 0.2562192 -2.4205456 0.0088589 0.5862474 0.0025547 0.8100796
229.837100 -6.6572795 0.2516710 -2.3233495 0.0114411 0.5988733 -0.0022395 0.8007589
230.045200 -6.6243267 0.2472983 -2.3477123 0.0101079 0.5940322 -0.0009620 0.8043771
230.253300 -6.5016613 0.2453371 -2.3180974 0.0079703 0.5959203 0.0009978 0.8030034
230.461600 -6.3769159 0.2413576 -2.2798800 0.0026177 0.5981825 -0.0028659 0.8013505
230.669900 -6.2539983 0.2375671 -2.2453012 0.0060731 0.6028442 -0.0091644 0.7977832
230.878200 -6.1310515 0.2322294 -2.2141254 0.0101515 0.6073475 -0.0088320 0.7943224
231.086700 -6.0058155 0.2271760 -2.1823697 0.0091676 0.6140533 -0.0052832 0.7891936
231.295200 -5.8805833 0.2221992 -2.1558218 0.0085529 0.6201371 -0.0045070 0.7844339
231.503300 -5.7554426 0.2164523 -2.1316259 0.0095644 0.6265322 -0.0041893 0.7793256
231.711800 -5.6323919 0.2115165 -2.1071281 0.0095512 0.6323832 -0.0025718 0.7745926
231.920100 -5.5088954 0.2070469 -2.0837874 0.0091353 0.6372150 -0.0009979 0.7706313
232.128200 -5.3851061 0.2028420 -2.0612531 0.0104692 0.6408510 0.0010748 0.7675932
232.336500 -5.2609787 0.1977583 -2.0396185 0.0142029 0.6424149 0.0020043 0.7662227
232.544600 -5.1347842 0.1930725 -2.0176294 0.0126188 0.6440898 0.0042988 0.7648337
232.752900 -5.0103602 0.1888665 -1.9961357 0.0115807 0.6461401 0.0064117 0.7631040
232.960900 -4.8876987 0.1849641 -1.9759755 0.0127933 0.6481892 0.0066265 0.7613430
233.169100 -4.7642879 0.1812005 -1.9559534 0.0124209 0.6497376 0.0082191 0.7600127
233.377100 -4.6424613 0.1777936 -1.9370966 0.0130926 0.6509731 0.0075014 0.7589508
233.585300 -4.5200567 0.1738458 -1.9174671 0.0128493 0.6522602 0.0063697 0.7578595
233.793200 -4.3979273 0.1700993 -1.8997346 0.0121293 0.6532457 0.0087457 0.7569984
234.001200 -4.2782354 0.1664611 -1.8816326 0.0137147 0.6542609 0.0095009 0.7560849
234.209300 -4.1576977 0.1633117 -1.8647087 0.0164461 0.6552173 0.0097480 0.7551985
234.417200 -4.0376863 0.1592239 -1.8466578 0.0148558 0.6566594 0.0115751 0.7539521
234.625400 -3.9188576 0.1555072 -1.8298323 0.0139660 0.6575893 0.0115511 0.7531586
234.833700 -3.8001974 0.1521636 -1.8131318 0.0157893 0.6588177 0.0090791 0.7520821
235.041400 -3.6834488 0.1482379 -1.7974483 0.0168001 0.6606763 0.0085059 0.7504346
235.249300 -3.5674272 0.1438356 -1.7821760 0.0158616 0.6627216 0.0064706 0.7486699
235.457500 -3.4525294 0.1401264 -1.7679520 0.0135188 0.6646609 0.0072312 0.7469879
235.665500 -3.3375220 0.1362565 -1.7541051 0.0158040 0.6660081 0.0060579 0.7457525
235.873600 -3.2226603 0.1321903 -1.7414171 0.0179735 0.6673281 0.0065315 0.7445183
236.185900 -3.0492208 0.1255367 -1.7226341 0.0173934 0.6690655 0.0087938 0.7429479
236.394600 -2.9348397 0.1217314 -1.7094547 0.0173585 0.6705869 0.0095307 0.7415666
236.601800 -2.8205011 0.1177735 -1.6975161 0.0190327 0.6718040 0.0091238 0.7404282
236.914000 -2.6569891 0.1123712 -1.6823087 0.0193945 0.6740400 0.0097471 0.7383759
237.122100 -2.5558913 0.1096826 -1.6764095 0.0184947 0.6751858 0.0100316 0.7373475
237.330200 -2.5739558 0.1067800 -1.7201004 0.0199759 0.6708833 0.0097814 0.7412293
237.538300 -2.3863349 0.1093938 -1.6793622 0.0163124 0.6787335 0.0132758 0.7340835
237.747400 -2.3983099 0.1031902 -1.7095227 0.0149314 0.6741029 0.0167064 0.7382975
237.954600 -2.3079453 0.1029827 -1.7076216 0.0153782 0.6756899 0.0158870 0.7368543
238.266900 -2.1901174 0.0996331 -1.6994644 0.0172659 0.6771400 0.0121988 0.7355505
238.579300 -2.0800691 0.0960643 -1.6921233 0.0163315 0.6768965 0.0133080 0.7357767
238.787500 -2.0048952 0.0943507 -1.6858995 0.0156915 0.6761613 0.0145486 0.7364427
238.995800 -1.9714633 0.0926769 -1.6947464 0.0162983 0.6740757 0.0142837 0.7383443
240.246200 -1.6286439 0.0816882 -1.6734731 0.0253828 0.6788740 0.0111437 0.7337313
240.558700 -1.5701288 0.0793849 -1.6708096 0.0265913 0.6786892 0.0098705 0.7338777
249.624000 -1.3702219 0.0693198 -1.6335665 0.0211261 0.6199408 0.0028635 0.7843589
249.936500 -1.3641831 0.0687624 -1.6320283 0.0232808 0.6162167 0.0003979 0.7872324
250.248700 -1.3497461 0.0679907 -1.6267443 0.0244887 0.6050135 -0.0018382 0.7958364
251.287600 -1.2351888 0.0612311 -1.5627016 0.0142019 0.4797296 -0.0023177 0.8772984
252.118500 -1.1176041 0.0540760 -1.4195298 0.0069413 0.2989621 -0.0054914 0.9542239
252.222500 -1.1071001 0.0528708 -1.3951032 0.0054486 0.2758850 -0.0046899 0.9611638
252.326600 -1.0941933 0.0526964 -1.3677436 0.0066505 0.2524833 -0.0059815 0.9675599
253.056000 -1.0350591 0.0454608 -1.1642869 0.0059920 0.1175571 0.0061500 0.9930290
253.160200 -1.0278866 0.0451806 -1.1229696 0.0064380 0.1004033 0.0068630 0.9949023
253.264300 -1.0223217 0.0436452 -1.0780443 0.0058275 0.0842322 0.0069121 0.9964051
253.785800 -1.0049103 0.0446409 -0.8596291 0.0106129 0.0171894 0.0031554 0.9997910
254.307900 -1.0150046 0.0352292 -0.6244696 0.0095438 -0.0068615 -0.0039308 0.9999232
254.829700 -1.0565747 0.0229149 -0.2474774 0.0044488 0.0045010 -0.0045338 0.9999697
255.351000 -1.0411998 0.0250194 0.0042594 0.0014840 -0.0140488 -0.0043732 0.9998906
255.767800 -1.0538173 0.0203755 0.2686286 0.0015098 -0.0189823 -0.0049934 0.9998062
256.184500 -1.0751828 0.0159268 0.5054130 0.0001485 -0.0215166 -0.0051053 0.9997554
256.601100 -1.0946329 0.0117637 0.7512942 0.0026589 -0.0226800 -0.0058693 0.9997220
257.121800 -1.1089512 0.0060754 1.0700697 0.0002140 -0.0269311 -0.0020770 0.9996351
257.538200 -1.1375115 -0.0000105 1.2981139 0.0033636 -0.0235332 0.0015877 0.9997162
257.954800 -1.1567800 -0.0050187 1.5345948 0.0043194 -0.0229894 -0.0042141 0.9997175
258.475500 -1.2103406 -0.0060777 1.8694719 0.0029328 -0.0162214 -0.0015943 0.9998628
259.100300 -1.2192787 -0.0190049 2.1728663 0.0000045 -0.0248393 -0.0034030 0.9996856
259.725200 -1.2501268 -0.0252847 2.5073817 0.0017406 -0.0286253 -0.0032513 0.9995834
260.246000 -1.2911187 -0.0304038 2.7644019 0.0011034 -0.0282464 -0.0021067 0.9995981
260.662500 -1.3333727 -0.0317750 2.9542639 -0.0005300 -0.0255246 -0.0025898 0.9996707
261.495800 -1.3862746 -0.0400234 3.3747871 -0.0009799 -0.0185036 -0.0043741 0.9998187
261.912500 -1.3991332 -0.0456797 3.5935395 0.0114433 -0.0163622 -0.0004097 0.9998006
262.329100 -1.4203025 -0.0532141 3.8044360 0.0069323 -0.0179859 -0.0038605 0.9998068
262.745600 -1.4421076 -0.0538241 4.0439191 -0.0034355 -0.0252672 -0.0041653 0.9996662
263.058100 -1.4542454 -0.0549735 4.2381067 -0.0016170 -0.0286975 -0.0010585 0.9995863
263.370700 -1.4720865 -0.0590413 4.4285817 0.0111780 -0.0308969 0.0009104 0.9994597
263.579100 -1.4815011 -0.0638047 4.5654674 0.0070596 -0.0321061 0.0003644 0.9994594
263.787300 -1.4928675 -0.0665843 4.7041960 0.0041527 -0.0337735 0.0001966 0.9994209
263.995700 -1.5059441 -0.0699340 4.8442411 0.0062975 -0.0359246 -0.0005486 0.9993345
264.204000 -1.5220194 -0.0728254 4.9885197 0.0025438 -0.0377085 -0.0013089 0.9992847
264.412200 -1.5343350 -0.0753770 5.1336484 0.0012496 -0.0401874 -0.0012221 0.9991906
264.620500 -1.5462089 -0.0787072 5.2796044 0.0017139 -0.0425602 -0.0012655 0.9990916
264.828700 -1.5627129 -0.0816851 5.4249549 0.0005082 -0.0436064 -0.0017549 0.9990471
265.037100 -1.5785424 -0.0850503 5.5714693 0.0013705 -0.0433264 -0.0021539 0.9990577
265.245300 -1.5921005 -0.0880030 5.7176857 0.0018691 -0.0437899 -0.0018082 0.9990374
265.453600 -1.6051006 -0.0911132 5.8621645 -0.0025439 -0.0452961 -0.0008253 0.9989700
265.661800 -1.6195331 -0.0933595 6.0058837 -0.0019945 -0.0466007 -0.0014593 0.9989105
265.870100 -1.6336207 -0.0958602 6.1499414 0.0012474 -0.0472652 -0.0017500 0.9988801
266.078300 -1.6468734 -0.0990052 6.2923398 0.0002328 -0.0461870 -0.0019942 0.9989308
266.286700 -1.6594094 -0.1018126 6.4313269 -0.0003127 -0.0447357 -0.0017696 0.9989973
266.495100 -1.6716232 -0.1053421 6.5694180 -0.0003410 -0.0434974 -0.0023441 0.9990507
266.703500 -1.6849468 -0.1081210 6.7054768 -0.0007294 -0.0418723 -0.0031816 0.9991176
266.911700 -1.6953502 -0.1109243 6.8416400 0.0010790 -0.0409957 -0.0032102 0.9991536
267.120100 -1.7070278 -0.1139480 6.9754252 0.0031045 -0.0392562 -0.0054043 0.9992098
267.328500 -1.7167110 -0.1171166 7.1083674 0.0040203 -0.0377325 -0.0024653 0.9992768
267.536900 -1.7267596 -0.1207308 7.2405577 0.0021847 -0.0363109 -0.0023033 0.9993355
267.745200 -1.7386613 -0.1243405 7.3713717 0.0083907 -0.0352975 -0.0070044 0.9993170
267.953500 -1.7514783 -0.1282899 7.5039248 0.0089490 -0.0358971 -0.0111882 0.9992528
268.161700 -1.7635003 -0.1331703 7.6360016 0.0076025 -0.0390787 -0.0105954 0.9991511
268.370100 -1.7763658 -0.1370471 7.7654619 0.0045361 -0.0416493 -0.0052606 0.9991081
268.578500 -1.7862873 -0.1395779 7.9052048 -0.0034806 -0.0424821 -0.0030281 0.9990866
268.786700 -1.7986619 -0.1407084 8.0377560 -0.0047905 -0.0441324 0.0008692 0.9990138
269.099200 -1.8236680 -0.1462472 8.1969662 0.0042238 -0.0463343 -0.0003155 0.9989170
269.307600 -1.8593913 -0.1539533 8.4223986 0.0027446 -0.0385553 -0.0025954 0.9992493
269.516000 -1.8441143 -0.1509498 8.5120449 0.0063554 -0.0448682 -0.0002586 0.9989727
269.724200 -1.8530434 -0.1554072 8.5906868 0.0056657 -0.0505790 -0.0003409 0.9987040
270.349200 -1.8840772 -0.1626872 8.9844351 0.0085086 -0.0415624 -0.0000147 0.9990997
270.870000 -1.9117185 -0.1713431 9.2780409 0.0042305 -0.0395183 -0.0056999 0.9991937
271.390600 -1.9414644 -0.1786923 9.5661402 0.0004375 -0.0392993 -0.0060549 0.9992090
271.807200 -2.0045776 -0.1745858 9.8870277 0.0048856 -0.0052310 -0.0055140 0.9999592
272.223700 -1.9803802 -0.1884845 9.9903212 0.0017847 -0.0365070 -0.0062462 0.9993123
272.640500 -1.9966643 -0.1927872 10.1862812 0.0037393 -0.0361238 -0.0047795 0.9993289
273.057200 -2.0160201 -0.1973012 10.3814440 0.0030679 -0.0342585 -0.0005177 0.9994081
273.474100 -2.0321972 -0.2020180 10.5731182 0.0040796 -0.0309705 0.0005455 0.9995118
273.890900 -2.0443723 -0.2084505 10.7669201 0.0162704 -0.0308025 0.0053595 0.9993787
274.307300 -2.0608845 -0.2156959 10.9513044 0.0078860 -0.0435000 0.0011457 0.9990216
274.619700 -2.0760288 -0.2188678 11.0804939 -0.0021899 -0.0544393 -0.0015000 0.9985135
274.828200 -2.0874202 -0.2201399 11.1741228 -0.0000171 -0.0578448 -0.0062605 0.9983060
275.141200 -2.1050081 -0.2220861 11.3305950 0.0038042 -0.0541815 -0.0034635 0.9985179
275.454100 -2.1216338 -0.2251935 11.4811649 0.0084810 -0.0515317 0.0007627 0.9986351
275.766900 -2.1384082 -0.2296097 11.6360760 0.0067406 -0.0495410 -0.0003093 0.9987493
276.079600 -2.1559155 -0.2335596 11.7996016 0.0046851 -0.0478933 0.0016018 0.9988402
276.288000 -2.1671929 -0.2361019 11.9109144 0.0086633 -0.0476170 0.0030891 0.9988233
276.496500 -2.1786897 -0.2399424 12.0244541 0.0085260 -0.0470319 0.0026606 0.9988534
276.704900 -2.1906006 -0.2429650 12.1393108 0.0037176 -0.0464829 0.0020748 0.9989100
276.913100 -2.2017524 -0.2460615 12.2534943 0.0025087 -0.0461872 0.0006716 0.9989294
277.121500 -2.2132993 -0.2493807 12.3669100 0.0038744 -0.0460000 -0.0012760 0.9989331
277.329900 -2.2236078 -0.2524551 12.4777431 0.0065914 -0.0459163 -0.0000810 0.9989235
277.538200 -2.2347591 -0.2563308 12.5910969 0.0059805 -0.0454296 0.0022020 0.9989472
277.746600 -2.2451215 -0.2596645 12.7027140 0.0016927 -0.0451590 0.0016621 0.9989770
277.954900 -2.2558463 -0.2626157 12.8155880 0.0049205 -0.0448473 -0.0015504 0.9989805
278.163200 -2.2674088 -0.2659618 12.9235458 0.0048112 -0.0438670 -0.0042861 0.9990166
278.371500 -2.2779398 -0.2688227 13.0313911 0.0028000 -0.0445317 -0.0031116 0.9989992
278.579900 -2.2890835 -0.2716828 13.1354237 0.0011884 -0.0454359 -0.0022392 0.9989641
278.788100 -2.2996814 -0.2743452 13.2379246 0.0033315 -0.0466370 -0.0027568 0.9989026
278.996200 -2.3099673 -0.2770316 13.3375044 0.0024330 -0.0480197 -0.0033071 0.9988380
279.204500 -2.3199222 -0.2795771 13.4344540 -0.0026761 -0.0493060 -0.0036062 0.9987737
279.412800 -2.3301117 -0.2815671 13.5268860 -0.0027889 -0.0499034 -0.0040263 0.9987421
279.621000 -2.3398092 -0.2831186 13.6176453 0.0019519 -0.0504749 -0.0037891 0.9987163
279.829400 -2.3492253 -0.2852260 13.7081213 0.0019848 -0.0509281 -0.0031294 0.9986955
280.037700 -2.3588445 -0.2871507 13.7988968 0.0016649 -0.0503054 -0.0042273 0.9987236
280.246100 -2.3688061 -0.2896394 13.8885555 0.0062059 -0.0481167 -0.0070277 0.9987978
280.454600 -2.3779066 -0.2922606 13.9784927 0.0100257 -0.0458555 -0.0095006 0.9988527
280.663000 -2.3864236 -0.2953649 14.0689783 0.0095648 -0.0430977 -0.0119926 0.9989532
280.871400 -2.3944659 -0.2986490 14.1601582 0.0079003 -0.0398657 -0.0104969 0.9991187
281.079700 -2.4017956 -0.3015019 14.2514009 0.0065067 -0.0366902 -0.0098310 0.9992572
281.288100 -2.4090774 -0.3036630 14.3441601 0.0049043 -0.0333690 -0.0096005 0.9993850
281.600700 -2.4189963 -0.3068648 14.4863701 0.0049468 -0.0275294 -0.0121025 0.9995356
281.809300 -2.4234920 -0.3087454 14.5835848 0.0053014 -0.0237682 -0.0105980 0.9996473
282.017600 -2.4285541 -0.3111919 14.6826649 0.0056560 -0.0196670 -0.0083976 0.9997554
282.226000 -2.4326551 -0.3139004 14.7829933 0.0132878 -0.0156354 -0.0076463 0.9997603
282.434500 -2.4354589 -0.3177164 14.8864698 0.0080570 -0.0114780 -0.0083668 0.9998667
282.642900 -2.4373629 -0.3209026 14.9908037 0.0093976 -0.0072553 -0.0081568 0.9998963
282.851200 -2.4390996 -0.3244873 15.0950928 0.0128143 -0.0030492 -0.0084596 0.9998775
283.059600 -2.4395349 -0.3283655 15.2015820 0.0138736 0.0011554 -0.0087194 0.9998651
283.268000 -2.4387178 -0.3326324 15.3101273 0.0083468 0.0054698 -0.0085284 0.9999139
283.580600 -2.4373019 -0.3374863 15.4735126 0.0067905 0.0111104 -0.0056547 0.9998993
283.788900 -2.4348915 -0.3415788 15.5844784 0.0107049 0.0124456 -0.0045356 0.9998550
283.997100 -2.4328263 -0.3451926 15.6973324 0.0112060 0.0133406 -0.0048724 0.9998364
284.205400 -2.4305942 -0.3492701 15.8108444 0.0089527 0.0140087 -0.0043211 0.9998525
284.413600 -2.4282484 -0.3529482 15.9257460 0.0105409 0.0139818 -0.0029034 0.9998425
284.621900 -2.4251475 -0.3576217 16.0416737 0.0096787 0.0130513 -0.0021042 0.9998658
284.830100 -2.4224441 -0.3609025 16.1584949 0.0056733 0.0124979 -0.0009955 0.9999053
285.038200 -2.4204264 -0.3646665 16.2734432 0.0058009 0.0116063 -0.0000639 0.9999159
285.246400 -2.4189579 -0.3683853 16.3879318 0.0076857 0.0106529 -0.0020503 0.9999117
285.454600 -2.4174087 -0.3724815 16.5016918 0.0076010 0.0094288 -0.0024927 0.9999236
285.662700 -2.4161446 -0.3766145 16.6143875 0.0071158 0.0081772 -0.0039862 0.9999334
285.871000 -2.4156854 -0.3808627 16.7264366 0.0076800 0.0069363 -0.0053396 0.9999322
286.079200 -2.4150696 -0.3847815 16.8373947 0.0070058 0.0050553 -0.0051218 0.9999496
286.287400 -2.4144385 -0.3891514 16.9470921 0.0115991 0.0026424 -0.0028670 0.9999251
286.495600 -2.4146349 -0.3929026 17.0560284 0.0040677 0.0009570 -0.0014589 0.9999902
286.703900 -2.4155641 -0.3956484 17.1644058 -0.0012883 0.0002066 -0.0026525 0.9999956
287.016400 -2.4183154 -0.3996272 17.3232956 0.0074174 -0.0007988 -0.0103645 0.9999185
287.328700 -2.4210081 -0.4045095 17.4850979 0.0034419 -0.0015616 -0.0146500 0.9998856
287.537000 -2.4221854 -0.4074954 17.5920525 0.0034956 -0.0033226 -0.0157562 0.9998643
