0.000000 0.0000000 0.0000000 0.0000000 0.0000000 0.0000000 0.0000000 1.0000000
0.104128 -0.0002929 -0.0006086 0.0485167 -0.0007099 -0.0000645 0.0002080 0.9999997
0.208254 -0.0006623 -0.0015228 0.0969918 -0.0008227 -0.0002321 0.0007938 0.9999993
0.312504 -0.0008254 -0.0022337 0.1458681 -0.0002897 -0.0003204 0.0014813 0.9999988
0.416625 -0.0012178 -0.0031450 0.1949691 -0.0003965 -0.0002206 0.0016786 0.9999985
0.625004 -0.0012958 -0.0047240 0.2937257 -0.0013698 -0.0002773 0.0026036 0.9999956
0.729128 -0.0016896 -0.0055059 0.3427357 -0.0016731 -0.0003430 0.0023665 0.9999957
0.833252 -0.0021094 -0.0063334 0.3919317 -0.0007338 -0.0005235 0.0018802 0.9999978
0.937506 -0.0026098 -0.0070948 0.4413424 0.0003224 -0.0005554 0.0004684 0.9999997
1.041630 -0.0033370 -0.0078130 0.4908375 0.0008193 -0.0004014 -0.0012000 0.9999989
1.145875 -0.0040578 -0.0087702 0.5404210 0.0008584 -0.0002207 -0.0024756 0.9999965
1.250003 -0.0040470 -0.0098858 0.5905196 0.0003729 -0.0003740 -0.0029386 0.9999955
1.354255 -0.0044001 -0.0105361 0.6407804 -0.0009100 -0.0001348 -0.0017890 0.9999980
1.458401 -0.0044179 -0.0113888 0.6905381 -0.0018202 -0.0000947 0.0004264 0.9999983
1.562526 -0.0047219 -0.0119654 0.7405783 -0.0005859 -0.0002275 0.0015954 0.9999985
1.771007 -0.0050581 -0.0138931 0.8413387 0.0009913 -0.0000865 0.0010941 0.9999989
1.875129 -0.0053615 -0.0146471 0.8919473 0.0000768 0.0002928 -0.0003832 0.9999999
2.083502 -0.0053685 -0.0160781 0.9934795 -0.0027580 0.0007637 0.0006193 0.9999957
2.291881 -0.0056643 -0.0174062 1.0946836 -0.0006219 0.0006204 0.0024542 0.9999966
2.500257 -0.0064915 -0.0192870 1.1975411 0.0010404 0.0012601 0.0008390 0.9999983
2.708628 -0.0069278 -0.0212078 1.3001286 0.0018985 0.0015200 -0.0000789 0.9999970
3.021006 -0.0073783 -0.0244928 1.4547724 0.0003205 0.0012403 -0.0024814 0.9999961
3.229379 -0.0080082 -0.0265842 1.5581490 0.0002069 0.0014065 -0.0047865 0.9999875
3.437629 -0.0088800 -0.0284598 1.6612409 0.0002611 0.0012090 -0.0049994 0.9999867
3.541754 -0.0094027 -0.0294759 1.7136269 0.0005106 0.0010054 -0.0046882 0.9999884
3.645880 -0.0096244 -0.0303614 1.7653732 0.0003874 0.0005864 -0.0044855 0.9999897
3.750007 -0.0101840 -0.0309951 1.8170754 -0.0000164 0.0002182 -0.0046857 0.9999890
3.854131 -0.0107805 -0.0318979 1.8689942 0.0000676 -0.0002723 -0.0047088 0.9999889
3.958276 -0.0113173 -0.0330444 1.9211386 -0.0001985 -0.0007968 -0.0050243 0.9999871
4.062383 -0.0116954 -0.0339463 1.9740903 -0.0006906 -0.0013639 -0.0048024 0.9999873
4.166506 -0.0123386 -0.0349501 2.0266464 -0.0012523 -0.0015979 -0.0040899 0.9999896
4.270633 -0.0128492 -0.0356184 2.0795965 -0.0012547 -0.0019115 -0.0035709 0.9999910
4.374756 -0.0135800 -0.0362865 2.1318874 -0.0007360 -0.0020379 -0.0025809 0.9999943
4.478884 -0.0141749 -0.0374544 2.1847160 -0.0010710 -0.0020570 -0.0019599 0.9999954
4.687259 -0.0153729 -0.0388500 2.2890568 -0.0016669 -0.0015389 -0.0009343 0.9999970
4.895505 -0.0165617 -0.0406960 2.3929508 -0.0009366 -0.0009793 0.0003701 0.9999990
4.999630 -0.0162441 -0.0419834 2.4432805 -0.0008544 -0.0007955 -0.0001574 0.9999993
5.207869 -0.0169301 -0.0437508 2.5463903 -0.0014066 -0.0001388 -0.0021649 0.9999967
5.311998 -0.0188170 -0.0441569 2.6001537 -0.0017746 0.0004188 -0.0040638 0.9999900
5.520244 -0.0197306 -0.0460063 2.7027328 -0.0020299 0.0010080 -0.0081715 0.9999641
5.624505 -0.0206356 -0.0469488 2.7537405 -0.0018891 0.0014612 -0.0093301 0.9999536
5.728633 -0.0211560 -0.0477218 2.8048220 -0.0018032 0.0019119 -0.0105234 0.9999412
5.832639 -0.0214364 -0.0488252 2.8559427 -0.0021812 0.0020966 -0.0104559 0.9999408
5.936757 -0.0217351 -0.0496409 2.9067755 -0.0019181 0.0022182 -0.0100852 0.9999449
6.145012 -0.0219178 -0.0515344 3.0072100 -0.0014877 0.0020549 -0.0092608 0.9999539
6.353135 -0.0220599 -0.0532403 3.1081128 -0.0013293 0.0015958 -0.0091179 0.9999563
6.561386 -0.0221167 -0.0546471 3.2083790 -0.0018648 0.0007099 -0.0088771 0.9999586
6.769636 -0.0222303 -0.0560969 3.3084490 -0.0024819 -0.0005030 -0.0070324 0.9999720
6.977759 -0.0228621 -0.0577846 3.4087489 -0.0022771 -0.0010989 -0.0054383 0.9999820
7.186013 -0.0237943 -0.0597224 3.5078301 -0.0019413 -0.0011762 -0.0049364 0.9999852
7.290011 -0.0242919 -0.0604451 3.5575223 -0.0015959 -0.0011883 -0.0048071 0.9999865
7.498256 -0.0253167 -0.0623582 3.6563485 -0.0014862 -0.0008110 -0.0057903 0.9999818
7.706383 -0.0260768 -0.0640802 3.7559540 -0.0030750 -0.0008241 -0.0065840 0.9999732
7.810511 -0.0262951 -0.0649345 3.8053799 -0.0022791 -0.0006627 -0.0065332 0.9999759
7.914632 -0.0266676 -0.0659021 3.8544803 -0.0012284 -0.0006292 -0.0063759 0.9999787
8.122760 -0.0271535 -0.0673587 3.9533136 -0.0012102 -0.0007658 -0.0049210 0.9999869
8.331011 -0.0279345 -0.0688104 4.0510530 -0.0023805 -0.0000060 -0.0028345 0.9999931
8.435138 -0.0283188 -0.0695424 4.1003299 -0.0016918 0.0003839 -0.0024669 0.9999955
8.539282 -0.0287595 -0.0703387 4.1489835 -0.0004614 0.0008410 -0.0036822 0.9999927
8.643387 -0.0290021 -0.0714315 4.1976585 0.0004777 0.0013186 -0.0045444 0.9999887
8.747509 -0.0293617 -0.0721947 4.2470365 0.0004923 0.0020826 -0.0063363 0.9999776
8.955763 -0.0296802 -0.0736429 4.3452787 -0.0015851 0.0032606 -0.0068016 0.9999703
9.059886 -0.0292577 -0.0744383 4.3946915 -0.0017780 0.0034823 -0.0064873 0.9999713
9.268135 -0.0301813 -0.0758570 4.4924436 -0.0012847 0.0048804 -0.0077613 0.9999571
9.476392 -0.0297006 -0.0775181 4.5922732 -0.0005278 0.0059156 -0.0091753 0.9999403
9.684640 -0.0288338 -0.0789896 4.6909580 0.0000067 0.0068322 -0.0092998 0.9999334
9.892888 -0.0282468 -0.0810162 4.7893100 -0.0010557 0.0077431 -0.0085827 0.9999326
10.101140 -0.0278815 -0.0824832 4.8872638 -0.0012025 0.0080743 -0.0071588 0.9999411
10.309390 -0.0267026 -0.0841787 4.9852061 -0.0014329 0.0075368 -0.0053477 0.9999563
10.413390 -0.0261928 -0.0849884 5.0341210 -0.0013826 0.0069514 -0.0048537 0.9999631
10.621640 -0.0256449 -0.0865167 5.1316900 -0.0019129 0.0059813 -0.0032245 0.9999751
10.725760 -0.0254566 -0.0871516 5.1808043 -0.0018913 0.0053167 -0.0030168 0.9999795
10.934020 -0.0248251 -0.0886106 5.2792459 -0.0013794 0.0041498 -0.0028686 0.9999863
11.038140 -0.0249842 -0.0892110 5.3276825 -0.0000463 0.0038118 -0.0017662 0.9999912
11.246390 -0.0240278 -0.0912652 5.4264364 -0.0012281 0.0026445 0.0049072 0.9999837
11.350520 -0.0234856 -0.0920764 5.4758482 -0.0019463 0.0018027 0.0084818 0.9999605
11.454640 -0.0234058 -0.0928564 5.5248833 -0.0003197 0.0013508 0.0098059 0.9999509
11.558780 -0.0233966 -0.0938086 5.5742640 0.0012570 0.0013758 0.0095510 0.9999527
11.767160 -0.0240329 -0.0960462 5.6723590 0.0022572 0.0024270 0.0081863 0.9999610
11.871260 -0.0237786 -0.0969269 5.7217798 0.0005927 0.0026962 0.0096847 0.9999493
11.975390 -0.0233258 -0.0978949 5.7713184 -0.0008083 0.0029601 0.0125130 0.9999170
12.079640 -0.0228800 -0.0985152 5.8205857 -0.0014146 0.0027932 0.0142181 0.9998940
12.183770 -0.0229253 -0.0994166 5.8697567 -0.0014052 0.0029617 0.0152199 0.9998788
12.392020 -0.0228912 -0.1011760 5.9687190 -0.0014575 0.0039964 0.0121101 0.9999176
12.600390 -0.0230567 -0.1025286 6.0672626 -0.0000189 0.0048532 0.0090136 0.9999476
12.704520 -0.0231819 -0.1033443 6.1167045 -0.0006563 0.0050308 0.0082484 0.9999531
12.808640 -0.0231217 -0.1041244 6.1663332 -0.0004750 0.0049583 0.0073706 0.9999604
12.912790 -0.0230769 -0.1049705 6.2158689 0.0007446 0.0046511 0.0062541 0.9999694
13.016890 -0.0233478 -0.1057684 6.2657385 0.0021992 0.0044744 0.0042626 0.9999785
13.121140 -0.0235260 -0.1067155 6.3155212 0.0028851 0.0044198 0.0017677 0.9999845
13.225270 -0.0235240 -0.1077048 6.3659368 0.0023107 0.0045369 -0.0005745 0.9999869
13.329390 -0.0237875 -0.1086682 6.4160986 0.0013091 0.0049027 -0.0019354 0.9999853
13.433520 -0.0239278 -0.1094433 6.4663157 0.0002431 0.0049685 -0.0023073 0.9999850
13.641770 -0.0235184 -0.1114292 6.5660610 -0.0002630 0.0037839 0.0003319 0.9999927
13.850020 -0.0234744 -0.1134069 6.6673121 0.0039329 0.0019768 -0.0003079 0.9999903
14.058400 -0.0248289 -0.1157130 6.7689233 0.0037587 0.0016560 -0.0047992 0.9999800
14.162520 -0.0253668 -0.1167624 6.8199124 0.0020818 0.0018049 -0.0058153 0.9999793
14.370770 -0.0255184 -0.1187622 6.9222779 0.0006837 0.0019807 -0.0060073 0.9999797
14.474890 -0.0261212 -0.1196843 6.9736567 0.0003548 0.0021014 -0.0051340 0.9999846
14.579010 -0.0259662 -0.1204913 7.0244918 0.0000663 0.0021034 -0.0038158 0.9999905
14.787290 -0.0262416 -0.1224584 7.1273036 -0.0006242 0.0025282 -0.0007038 0.9999964
14.891390 -0.0261002 -0.1231814 7.1791720 -0.0013388 0.0027403 0.0014702 0.9999943
14.995520 -0.0259151 -0.1239992 7.2308402 -0.0012773 0.0028115 0.0028750 0.9999911
15.203790 -0.0265676 -0.1257899 7.3343077 0.0034014 0.0032412 -0.0018686 0.9999872
15.412140 -0.0279360 -0.1281070 7.4387736 0.0015099 0.0046686 -0.0103935 0.9999340
15.620390 -0.0274913 -0.1297288 7.5430970 0.0001647 0.0046847 -0.0098973 0.9999400
15.724520 -0.0272723 -0.1304948 7.5959935 0.0003555 0.0040933 -0.0083046 0.9999571
15.932650 -0.0271756 -0.1329467 7.7017422 0.0006982 0.0033819 -0.0075906 0.9999653
16.036770 -0.0277572 -0.1334808 7.7544847 0.0008241 0.0035073 -0.0085610 0.9999568
16.245020 -0.0281716 -0.1352506 7.8613634 0.0006239 0.0033385 -0.0088383 0.9999552
16.349140 -0.0281537 -0.1361110 7.9143753 0.0011936 0.0031842 -0.0088166 0.9999554
16.557390 -0.0278829 -0.1379196 8.0224228 0.0014913 0.0027710 -0.0085673 0.9999583
16.661520 -0.0278830 -0.1391391 8.0760431 0.0014898 0.0026690 -0.0088233 0.9999564
16.765650 -0.0280926 -0.1399383 8.1295414 0.0016596 0.0026104 -0.0088924 0.9999557
16.973770 -0.0283031 -0.1422738 8.2384109 0.0018319 0.0022965 -0.0092845 0.9999526
17.077890 -0.0284809 -0.1435143 8.2928600 0.0017564 0.0021558 -0.0097434 0.9999487
17.286140 -0.0285393 -0.1455641 8.4017286 0.0019323 0.0021458 -0.0086099 0.9999588
17.390270 -0.0284864 -0.1467441 8.4571638 0.0018033 0.0020997 -0.0080047 0.9999641
17.494400 -0.0286456 -0.1478165 8.5118923 0.0013988 0.0022996 -0.0074608 0.9999685
17.598420 -0.0287320 -0.1489389 8.5671911 0.0013767 0.0022091 -0.0074794 0.9999686
17.702520 -0.0290411 -0.1500630 8.6222887 0.0014565 0.0023103 -0.0077046 0.9999666
17.806640 -0.0287495 -0.1512396 8.6779623 0.0017371 0.0021810 -0.0080416 0.9999638
17.910650 -0.0290266 -0.1526616 8.7325382 0.0011950 0.0025603 -0.0085645 0.9999593
18.014770 -0.0290240 -0.1536865 8.7879601 0.0001937 0.0028673 -0.0087663 0.9999574
18.118900 -0.0294262 -0.1546219 8.8430157 -0.0000062 0.0032764 -0.0084997 0.9999585
18.223020 -0.0295108 -0.1555026 8.8987198 0.0008253 0.0035184 -0.0086151 0.9999564
18.327020 -0.0296136 -0.1564453 8.9542933 0.0015158 0.0037885 -0.0088563 0.9999524
18.431150 -0.0293613 -0.1574965 9.0094681 0.0012736 0.0038560 -0.0090923 0.9999504
18.639420 -0.0292468 -0.1593177 9.1195021 0.0006730 0.0036650 -0.0091138 0.9999515
18.743480 -0.0292398 -0.1603582 9.1752138 0.0007057 0.0035582 -0.0091955 0.9999511
18.847540 -0.0291310 -0.1614949 9.2307844 0.0005256 0.0036446 -0.0100283 0.9999430
18.951650 -0.0290921 -0.1625899 9.2863626 0.0004781 0.0036933 -0.0106267 0.9999366
19.055650 -0.0289348 -0.1635517 9.3413610 0.0003568 0.0035917 -0.0107456 0.9999357
19.159650 -0.0288875 -0.1643750 9.3968506 0.0003940 0.0036132 -0.0102125 0.9999412
19.263770 -0.0288369 -0.1653528 9.4523287 0.0000073 0.0036118 -0.0091307 0.9999518
19.367870 -0.0286491 -0.1662640 9.5078192 -0.0002887 0.0036204 -0.0080962 0.9999606
19.471780 -0.0284632 -0.1671465 9.5631514 0.0001158 0.0035110 -0.0073805 0.9999666
19.575900 -0.0283935 -0.1679172 9.6181011 0.0007575 0.0034333 -0.0068585 0.9999703
19.679910 -0.0280771 -0.1689177 9.6734228 -0.0001749 0.0036787 -0.0058446 0.9999762
19.784020 -0.0281759 -0.1698287 9.7287760 -0.0011536 0.0039933 -0.0047335 0.9999802
19.888070 -0.0278756 -0.1706207 9.7841406 -0.0007121 0.0038748 -0.0039878 0.9999843
19.992130 -0.0278124 -0.1712569 9.8384256 -0.0001502 0.0042158 -0.0039815 0.9999832
20.096150 -0.0274920 -0.1721056 9.8938875 -0.0000284 0.0043751 -0.0040027 0.9999824
20.200150 -0.0273847 -0.1731542 9.9495115 -0.0000371 0.0049029 -0.0050512 0.9999752
20.304270 -0.0273984 -0.1740252 10.0048618 0.0001896 0.0053176 -0.0059555 0.9999681
20.408270 -0.0273599 -0.1750012 10.0600729 0.0003544 0.0058467 -0.0067153 0.9999603
20.512310 -0.0272357 -0.1758594 10.1149664 0.0006410 0.0063622 -0.0070594 0.9999546
20.616400 -0.0269117 -0.1769833 10.1702976 0.0009851 0.0066532 -0.0071910 0.9999515
20.720420 -0.0264174 -0.1779838 10.2245531 0.0012299 0.0070999 -0.0069791 0.9999497
20.824520 -0.0262559 -0.1790287 10.2796688 0.0011937 0.0076368 -0.0069588 0.9999459
21.032780 -0.0245140 -0.1813100 10.3888998 0.0003866 0.0079874 -0.0055894 0.9999524
21.136780 -0.0241101 -0.1823802 10.4439898 0.0016197 0.0079753 -0.0053079 0.9999528
21.240880 -0.0235209 -0.1833871 10.5000334 0.0026751 0.0078190 -0.0043122 0.9999565
21.344920 -0.0225692 -0.1846534 10.5554924 0.0027231 0.0072477 -0.0044032 0.9999604
21.552900 -0.0216863 -0.1865246 10.6670790 0.0030689 0.0062543 -0.0034000 0.9999700
21.657020 -0.0214386 -0.1877703 10.7226152 0.0032993 0.0060496 -0.0035738 0.9999698
21.865030 -0.0211375 -0.1903390 10.8334789 0.0029807 0.0052367 -0.0033238 0.9999763
21.969150 -0.0201665 -0.1912799 10.8900661 0.0024264 0.0044681 -0.0029557 0.9999827
22.073170 -0.0204809 -0.1923571 10.9464474 0.0018239 0.0042994 -0.0041625 0.9999804
22.281150 -0.0195689 -0.1947877 11.0590687 0.0017981 0.0049068 -0.0042211 0.9999774
22.385270 -0.0189633 -0.1955308 11.1151438 0.0020641 0.0050135 -0.0036908 0.9999785
22.489270 -0.0184062 -0.1971143 11.1704454 0.0023176 0.0049995 -0.0025926 0.9999815
22.593280 -0.0179717 -0.1982668 11.2267656 0.0033791 0.0051762 -0.0018877 0.9999791
22.801400 -0.0175157 -0.2007840 11.3393402 0.0044057 0.0038908 -0.0019191 0.9999809
23.009400 -0.0177107 -0.2038796 11.4525299 0.0023413 0.0026095 -0.0032073 0.9999887
23.217420 -0.0175193 -0.2064320 11.5650253 0.0002896 0.0028975 -0.0019257 0.9999939
23.425400 -0.0175979 -0.2084001 11.6772032 0.0010532 0.0032311 -0.0008909 0.9999938
23.633550 -0.0175196 -0.2108284 11.7903719 0.0007713 0.0035985 -0.0008771 0.9999928
23.737530 -0.0172919 -0.2119108 11.8464031 0.0013146 0.0037657 -0.0016114 0.9999908
23.945650 -0.0172760 -0.2141725 11.9581833 0.0006329 0.0045755 -0.0015130 0.9999882
24.153670 -0.0169116 -0.2165900 12.0701962 0.0007218 0.0046216 -0.0006962 0.9999888
24.257780 -0.0172164 -0.2175444 12.1264877 0.0007772 0.0047114 -0.0013656 0.9999877
24.465780 -0.0172537 -0.2200694 12.2375565 0.0031501 0.0042796 -0.0029845 0.9999814
24.569780 -0.0172667 -0.2220930 12.2934866 0.0026132 0.0038631 -0.0035946 0.9999827
24.777900 -0.0180365 -0.2237388 12.4047546 -0.0003054 0.0031439 -0.0045420 0.9999847
24.882030 -0.0181333 -0.2246779 12.4600611 0.0002722 0.0024866 -0.0047472 0.9999856
25.090170 -0.0188221 -0.2270027 12.5699768 0.0002413 0.0007552 -0.0036338 0.9999931
25.298280 -0.0197987 -0.2291044 12.6801739 0.0003828 0.0002566 -0.0029008 0.9999957
25.506530 -0.0205068 -0.2311792 12.7896872 0.0008937 0.0001402 -0.0023407 0.9999968
25.714650 -0.0209921 -0.2334820 12.8997822 0.0011442 0.0000677 -0.0018617 0.9999976
25.818650 -0.0213762 -0.2346131 12.9548817 0.0015182 0.0000169 -0.0016206 0.9999976
25.922780 -0.0216086 -0.2358453 13.0101128 0.0013787 -0.0000282 -0.0012576 0.9999983
26.026980 -0.0221042 -0.2370028 13.0650892 0.0018397 0.0001123 -0.0014323 0.9999973
26.130900 -0.0222915 -0.2382497 13.1197844 0.0024214 0.0000814 -0.0005943 0.9999969
26.235050 -0.0224267 -0.2393524 13.1751871 0.0015734 0.0000672 0.0001444 0.9999987
26.339150 -0.0228291 -0.2406733 13.2304764 0.0010824 0.0001023 0.0009778 0.9999989
26.443290 -0.0230428 -0.2419129 13.2854376 0.0014852 0.0001194 0.0012483 0.9999981
26.547800 -0.0235748 -0.2428984 13.3406248 0.0018321 0.0003542 0.0008493 0.9999979
26.651410 -0.0238109 -0.2440421 13.3955488 0.0013890 0.0004884 0.0000502 0.9999989
26.757930 -0.0242728 -0.2448983 13.4516163 0.0011790 0.0008542 -0.0009602 0.9999985
26.862580 -0.0243215 -0.2461647 13.5072165 0.0011960 0.0009254 -0.0008586 0.9999985
26.963660 -0.0245077 -0.2472810 13.5630388 0.0015686 0.0009797 -0.0007323 0.9999980
27.067820 -0.0248969 -0.2484624 13.6185150 0.0015900 0.0010963 -0.0007554 0.9999979
27.171920 -0.0255255 -0.2495363 13.6742325 0.0017525 0.0015177 -0.0010936 0.9999967
27.276060 -0.0257268 -0.2507433 13.7301807 0.0016363 0.0015171 -0.0016574 0.9999961
27.484700 -0.0268284 -0.2528460 13.8412542 0.0017072 0.0020909 -0.0031651 0.9999914
27.588410 -0.0265186 -0.2540456 13.8976984 0.0019548 0.0020771 -0.0033403 0.9999903
