0.000000 -1.3040944 0.0501165 -0.2517948 0.0010697 0.0028214 -0.0011947 0.9999948
0.104228 -1.2967494 0.0494562 -0.2228918 0.0013254 -0.0017538 -0.0000763 0.9999976
0.208477 -1.2961166 0.0489277 -0.1961516 0.0021317 -0.0026037 0.0002062 0.9999943
0.729727 -1.2936598 0.0456546 -0.0606407 0.0046491 -0.0084997 0.0034242 0.9999472
0.938359 -1.2939814 0.0439440 -0.0045337 0.0060906 -0.0100185 0.0032261 0.9999260
1.042605 -1.2945160 0.0432177 0.0237249 0.0080940 -0.0107477 0.0022453 0.9999070
1.251125 -1.2953646 0.0418814 0.0815169 0.0099213 -0.0122444 0.0005462 0.9998757
1.772352 -1.2965654 0.0383957 0.2403274 0.0019298 -0.0161079 -0.0042598 0.9998593
1.876603 -1.2973239 0.0384158 0.2735014 0.0050189 -0.0169451 -0.0040919 0.9998354
1.980855 -1.2985059 0.0381301 0.3078595 0.0041584 -0.0174037 -0.0029640 0.9998355
2.189354 -1.3002130 0.0371241 0.3808639 -0.0042594 -0.0182802 -0.0023263 0.9998211
2.293607 -1.3017230 0.0368097 0.4187916 -0.0055247 -0.0185127 -0.0018630 0.9998116
2.397855 -1.3031552 0.0366726 0.4573636 -0.0050311 -0.0186072 -0.0008591 0.9998139
3.023358 -1.3107723 0.0338421 0.7036387 0.0069798 -0.0172680 -0.0003762 0.9998265
3.231728 -1.3121728 0.0315782 0.7908610 0.0072908 -0.0179793 -0.0011241 0.9998112
3.440232 -1.3154279 0.0293505 0.8815081 0.0088293 -0.0182619 -0.0043123 0.9997849
3.648605 -1.3189337 0.0261238 0.9745301 0.0087913 -0.0185459 -0.0056546 0.9997734
3.856982 -1.3226937 0.0235176 1.0696107 0.0082887 -0.0190193 -0.0063013 0.9997649
4.065354 -1.3274345 0.0205374 1.1657056 0.0067475 -0.0191132 -0.0070592 0.9997696
4.273854 -1.3312082 0.0180153 1.2633595 0.0078753 -0.0196866 -0.0078014 0.9997447
4.482232 -1.3358823 0.0150217 1.3622606 0.0059557 -0.0200125 -0.0074555 0.9997542
4.794755 -1.3425857 0.0115760 1.5133809 0.0029202 -0.0210727 -0.0078984 0.9997425
5.107234 -1.3494245 0.0081620 1.6659915 0.0032065 -0.0224233 -0.0076203 0.9997144
5.315611 -1.3546101 0.0058904 1.7685112 0.0011608 -0.0231746 -0.0078386 0.9997000
5.523983 -1.3600277 0.0034839 1.8705164 0.0031650 -0.0237331 -0.0091293 0.9996716
5.732480 -1.3654764 0.0008822 1.9719785 0.0052780 -0.0238377 -0.0102757 0.9996491
5.940858 -1.3713695 -0.0018404 2.0735455 0.0027719 -0.0235601 -0.0111071 0.9996569
6.149354 -1.3767073 -0.0043592 2.1757445 0.0025586 -0.0235054 -0.0102980 0.9996674
6.357731 -1.3811585 -0.0067446 2.2763162 0.0045088 -0.0236541 -0.0099877 0.9996601
6.566109 -1.3864096 -0.0095138 2.3768048 0.0074971 -0.0234471 -0.0084821 0.9996610
6.774485 -1.3918310 -0.0125491 2.4781432 0.0072332 -0.0232514 -0.0069527 0.9996793
6.982859 -1.3971032 -0.0152339 2.5801756 0.0012700 -0.0228941 -0.0058438 0.9997200
7.191236 -1.4022065 -0.0173618 2.6817312 0.0023428 -0.0227179 -0.0032568 0.9997339
7.399507 -1.4070696 -0.0198153 2.7828381 0.0058502 -0.0230112 -0.0033080 0.9997126
7.607858 -1.4126379 -0.0227541 2.8833983 0.0084573 -0.0225555 -0.0051392 0.9996966
7.816232 -1.4186362 -0.0255797 2.9860067 0.0059007 -0.0221244 -0.0079937 0.9997059
8.024607 -1.4234275 -0.0287076 3.0875890 0.0049736 -0.0223279 -0.0069465 0.9997142
8.232862 -1.4285814 -0.0313789 3.1890535 0.0032106 -0.0226009 -0.0055624 0.9997239
8.441112 -1.4338140 -0.0339921 3.2901919 0.0030570 -0.0233508 -0.0048689 0.9997108
8.649487 -1.4398773 -0.0364931 3.3895390 0.0059852 -0.0239898 -0.0050878 0.9996814
8.857735 -1.4465662 -0.0391217 3.4901009 0.0032271 -0.0242270 -0.0068189 0.9996780
9.065987 -1.4518328 -0.0410972 3.5888329 0.0009175 -0.0250899 -0.0080105 0.9996527
9.274360 -1.4581156 -0.0430520 3.6867163 0.0023714 -0.0256037 -0.0076875 0.9996398
9.690863 -1.4682651 -0.0476901 3.8716679 0.0001331 -0.0275466 -0.0057279 0.9996041
9.899109 -1.4738882 -0.0499025 3.9618604 -0.0005527 -0.0293983 -0.0046095 0.9995570
10.107490 -1.4795225 -0.0518117 4.0463371 0.0004571 -0.0328250 -0.0042983 0.9994518
10.315740 -1.4853169 -0.0535173 4.1267762 -0.0002372 -0.0362653 -0.0045099 0.9993320
10.524110 -1.4919475 -0.0553104 4.2033920 -0.0015153 -0.0394088 -0.0052976 0.9992080
10.732490 -1.4989359 -0.0567474 4.2751651 -0.0020205 -0.0421294 -0.0070558 0.9990852
10.940860 -1.5054593 -0.0583139 4.3415623 0.0005528 -0.0450216 -0.0084712 0.9989499
11.566360 -1.5252630 -0.0627423 4.5075307 0.0029079 -0.0425676 -0.0158959 0.9989629
11.775110 -1.5289789 -0.0641006 4.5545802 0.0006031 -0.0340874 -0.0159360 0.9992916
12.297110 -1.5301502 -0.0668983 4.6568375 0.0038731 0.0054418 -0.0139630 0.9998802
12.819860 -1.5177065 -0.0700015 4.7465577 0.0099719 0.0810821 -0.0069174 0.9966335
13.446740 -1.4814537 -0.0750726 4.8396583 0.0101018 0.2144362 -0.0029240 0.9766814
13.655610 -1.4627063 -0.0764276 4.8694768 0.0120854 0.2642070 -0.0015750 0.9643890
13.864360 -1.4427108 -0.0781767 4.8991318 0.0156730 0.3162484 -0.0031955 0.9485416
14.073120 -1.4180236 -0.0797228 4.9273748 0.0174461 0.3696117 -0.0075962 0.9289914
14.281780 -1.3886002 -0.0817447 4.9507785 0.0176170 0.4211245 -0.0054298 0.9068155
14.490490 -1.3563906 -0.0832781 4.9707403 0.0151118 0.4720765 -0.0038992 0.8814194
14.699110 -1.3215663 -0.0856162 4.9870887 0.0121690 0.5222205 -0.0011082 0.8527229
14.907610 -1.2830511 -0.0877051 5.0002313 0.0103958 0.5694327 -0.0046499 0.8219590
15.116140 -1.2417305 -0.0895857 5.0097890 0.0127302 0.6107553 -0.0066478 0.7916892
15.324240 -1.1968036 -0.0914687 5.0155659 0.0177272 0.6413557 -0.0017348 0.7670369
15.532120 -1.1481491 -0.0930797 5.0209832 0.0178277 0.6638929 -0.0010782 0.7476144
15.739890 -1.0952967 -0.0948165 5.0262275 0.0104045 0.6824969 -0.0024437 0.7308103
15.947760 -1.0389347 -0.0967646 5.0280318 0.0138755 0.6982521 0.0023216 0.7157137
16.363390 -0.9148918 -0.1003028 5.0282621 0.0194223 0.7161724 -0.0000811 0.6976531
16.570990 -0.8443065 -0.1027324 5.0269799 0.0202906 0.7169794 0.0044024 0.6967851
16.778640 -0.7705694 -0.1054481 5.0272627 0.0183676 0.7160538 0.0025183 0.6977988
16.986490 -0.6926599 -0.1078247 5.0274520 0.0186974 0.7156496 0.0013946 0.6982078
17.194620 -0.6108974 -0.1106598 5.0272231 0.0176284 0.7152289 0.0016813 0.6986659
17.402740 -0.5264275 -0.1139105 5.0267696 0.0167255 0.7154599 0.0034168 0.6984452
17.610870 -0.4405723 -0.1173190 5.0262256 0.0144353 0.7163891 0.0034274 0.6975432
17.923370 -0.3073451 -0.1214266 5.0252023 0.0130408 0.7182524 0.0055843 0.6956381
18.131620 -0.2157605 -0.1240646 5.0243230 0.0157004 0.7190826 0.0016551 0.6947452
18.444000 -0.0773636 -0.1289905 5.0226812 0.0118547 0.7206976 0.0014054 0.6931468
18.652370 0.0164493 -0.1313867 5.0209661 0.0062544 0.7211484 0.0033611 0.6927443
18.860740 0.1083109 -0.1340378 5.0184569 0.0083348 0.7208112 0.0014202 0.6930799
19.069120 0.1983352 -0.1369842 5.0162654 0.0152498 0.7204828 -0.0028941 0.6932991
19.277500 0.2899167 -0.1402965 5.0137410 0.0118627 0.7198086 0.0032481 0.6940637
19.590340 0.4250526 -0.1443020 5.0108666 0.0105614 0.7203507 0.0027351 0.6935242
19.798650 0.5135584 -0.1473438 5.0088472 0.0094315 0.7219074 0.0017777 0.6919231
20.007130 0.6022869 -0.1502364 5.0059109 0.0087487 0.7234726 0.0007267 0.6902973
20.215660 0.6890638 -0.1531404 5.0027113 0.0072503 0.7250659 0.0008681 0.6886407
20.424610 0.7738273 -0.1555387 4.9993033 0.0075182 0.7264999 0.0003010 0.6871253
20.633120 0.8585870 -0.1583015 4.9954190 0.0080543 0.7273497 0.0016704 0.6862177
20.841310 0.9415244 -0.1607329 4.9911575 0.0072983 0.7283736 0.0016348 0.6851394
21.049750 1.0225704 -0.1629207 4.9876404 0.0055665 0.7293254 0.0013677 0.6841429
21.258280 1.0998039 -0.1652578 4.9834976 0.0065085 0.7297014 0.0006559 0.6837346
21.466850 1.1757380 -0.1678902 4.9796958 0.0074402 0.7299213 -0.0014248 0.6834893
21.675510 1.2510381 -0.1705301 4.9757943 0.0080970 0.7301183 -0.0010283 0.6832720
21.883890 1.3257617 -0.1729857 4.9719200 0.0069605 0.7304165 -0.0019070 0.6829639
22.092530 1.4002694 -0.1751779 4.9679270 0.0068246 0.7304148 -0.0015552 0.6829680
22.301210 1.4736592 -0.1775018 4.9637504 0.0053245 0.7320972 -0.0021797 0.6811759
22.509770 1.5456601 -0.1801811 4.9587941 0.0060749 0.7359812 -0.0034809 0.6769657
22.718920 1.6174046 -0.1824664 4.9519482 0.0080720 0.7406706 -0.0045981 0.6718041
22.926910 1.6905529 -0.1846495 4.9449816 0.0061339 0.7445799 -0.0054030 0.6674833
23.135720 1.7649587 -0.1871780 4.9374704 0.0045132 0.7475437 -0.0069292 0.6641612
23.343940 1.8408630 -0.1893368 4.9287729 0.0033406 0.7490736 -0.0035684 0.6624688
23.656510 1.9582713 -0.1922924 4.9153671 0.0037725 0.7502562 -0.0035937 0.6611267
23.969260 2.0770009 -0.1962891 4.9001040 0.0116000 0.7507911 -0.0020599 0.6604347
24.177660 2.1581740 -0.1988069 4.8904247 0.0090317 0.7508863 0.0001270 0.6603697
24.386170 2.2387064 -0.2016532 4.8805761 0.0091137 0.7513037 0.0020845 0.6598904
24.594630 2.3186626 -0.2040602 4.8709383 0.0089350 0.7527101 0.0006359 0.6582912
24.907380 2.4379611 -0.2073523 4.8561206 0.0092918 0.7548563 0.0012486 0.6558232
25.115970 2.5179935 -0.2095556 4.8456378 0.0091313 0.7557649 -0.0003066 0.6547793
25.324430 2.5988533 -0.2120458 4.8352671 0.0088489 0.7566323 -0.0010641 0.6537799
25.637140 2.7242882 -0.2149078 4.8185830 0.0054069 0.7580513 -0.0004442 0.6521724
25.845770 2.8083658 -0.2169019 4.8067031 0.0062540 0.7594789 0.0003151 0.6505018
26.158530 2.9351017 -0.2201352 4.7879515 0.0101611 0.7610083 -0.0018639 0.6486599
26.471270 3.0647714 -0.2246697 4.7672620 0.0136537 0.7611294 -0.0009525 0.6484556
26.679760 3.1530819 -0.2273223 4.7541623 0.0126925 0.7609565 0.0003938 0.6486787
26.888310 3.2428811 -0.2301148 4.7408199 0.0106057 0.7598720 0.0023809 0.6499819
27.200890 3.3769677 -0.2334771 4.7220798 0.0102164 0.7585531 0.0015511 0.6515293
27.409410 3.4670122 -0.2362398 4.7093167 0.0130882 0.7574505 -0.0025657 0.6527564
27.617880 3.5585616 -0.2396574 4.6970139 0.0109152 0.7567061 -0.0009962 0.6536634
27.826410 3.6462402 -0.2426695 4.6847773 0.0104022 0.7562518 -0.0000095 0.6541980
28.139150 3.7829010 -0.2465887 4.6659064 0.0110041 0.7556087 0.0023153 0.6549267
28.347630 3.8722339 -0.2496064 4.6534939 0.0131366 0.7551174 0.0022255 0.6554542
28.556140 3.9615939 -0.2523312 4.6427441 0.0094277 0.7548912 0.0002732 0.6557822
28.869010 4.0938005 -0.2569234 4.6259227 0.0066168 0.7557414 -0.0049003 0.6548185
29.077510 4.1802359 -0.2600251 4.6142974 0.0075374 0.7561967 -0.0060659 0.6542729
29.286110 4.2657843 -0.2636727 4.6025972 0.0085885 0.7566288 -0.0047979 0.6537706
29.598790 4.3924990 -0.2687241 4.5855241 0.0095775 0.7575534 -0.0071469 0.6526638
29.807270 4.4762411 -0.2727952 4.5735316 0.0086250 0.7593688 -0.0078742 0.6505556
30.015910 4.5582948 -0.2761394 4.5611982 0.0095430 0.7614635 -0.0099932 0.6480605
30.224420 4.6391001 -0.2797761 4.5487461 0.0095025 0.7636749 -0.0091034 0.6454668
30.432920 4.7191052 -0.2838680 4.5360222 0.0102105 0.7651834 -0.0122370 0.6436150
30.745760 4.8374572 -0.2899552 4.5155926 0.0140541 0.7675301 -0.0138722 0.6407087
30.954260 4.9163899 -0.2944163 4.5018835 0.0096607 0.7694702 -0.0111995 0.6385114
31.266890 5.0319800 -0.3004482 4.4803572 0.0111854 0.7716511 -0.0160715 0.6357446
31.475390 5.1081328 -0.3048415 4.4656768 0.0153326 0.7728776 -0.0179733 0.6341151
31.788620 5.2214537 -0.3119349 4.4426403 0.0154547 0.7759042 -0.0149028 0.6304853
31.997070 5.2963252 -0.3165828 4.4266376 0.0147329 0.7797820 -0.0134344 0.6257336
32.205560 5.3704753 -0.3210314 4.4095631 0.0140191 0.7858478 -0.0147162 0.6180859
32.414310 5.4435606 -0.3250936 4.3904872 0.0150777 0.7934701 -0.0149544 0.6082386
32.622920 5.5153761 -0.3292741 4.3694472 0.0169194 0.8006649 -0.0129267 0.5987340
32.831540 5.5869317 -0.3335771 4.3468122 0.0201182 0.8065998 -0.0093719 0.5906812
33.040040 5.6564374 -0.3379151 4.3237934 0.0217999 0.8109335 -0.0071467 0.5846884
33.248440 5.7254200 -0.3414194 4.3001561 0.0233204 0.8130676 -0.0013667 0.5817004
33.456640 5.7934351 -0.3449323 4.2762403 0.0250623 0.8135647 0.0032534 0.5809249
33.665120 5.8599234 -0.3479890 4.2541366 0.0283561 0.8131698 0.0003130 0.5813352
33.977780 5.9584742 -0.3530813 4.2208195 0.0287750 0.8118043 0.0044568 0.5832031
34.185940 6.0218496 -0.3561822 4.2001257 0.0301718 0.8106778 0.0038100 0.5847023
34.394020 6.0843396 -0.3593366 4.1801243 0.0313720 0.8077332 0.0045315 0.5886955
34.602300 6.1463871 -0.3626032 4.1612659 0.0305593 0.8046807 0.0064656 0.5928855
34.810660 6.2074113 -0.3655418 4.1433492 0.0303497 0.8022771 0.0077923 0.5961289
35.019540 6.2667880 -0.3680183 4.1258354 0.0309519 0.7999210 0.0109637 0.5992063
35.227510 6.3251915 -0.3711512 4.1093016 0.0294225 0.7976971 0.0096525 0.6022629
35.436220 6.3823190 -0.3735021 4.0936284 0.0324089 0.7945340 0.0078172 0.6063038
35.644150 6.4392328 -0.3759928 4.0798984 0.0311307 0.7899199 0.0063118 0.6123868
35.852390 6.4959922 -0.3786923 4.0668826 0.0305319 0.7825817 0.0075922 0.6217523
36.060640 6.5515604 -0.3816636 4.0565362 0.0298164 0.7734833 0.0079150 0.6330655
36.268770 6.6078196 -0.3842529 4.0481539 0.0292032 0.7606412 0.0077943 0.6484685
36.476890 6.6631227 -0.3872055 4.0433164 0.0265829 0.7461373 0.0040482 0.6652489
36.789390 6.7458658 -0.3912616 4.0404615 0.0207950 0.7273651 -0.0036786 0.6859257
36.998010 6.8008857 -0.3941138 4.0398221 0.0135904 0.7232716 -0.0078547 0.6903852
37.311660 6.8818264 -0.3978112 4.0351081 0.0075629 0.7342649 -0.0078998 0.6787750
37.625170 6.9598918 -0.4011226 4.0263600 0.0069652 0.7472625 -0.0067793 0.6644579
37.938540 7.0351667 -0.4038130 4.0146646 0.0051460 0.7633655 -0.0064462 0.6459141
38.251530 7.1080523 -0.4063160 3.9993448 0.0044860 0.7768232 -0.0044188 0.6296873
38.564400 7.1772304 -0.4090512 3.9817035 0.0081124 0.7872831 -0.0027783 0.6165321
38.876940 7.2460470 -0.4111578 3.9637554 0.0082579 0.7920461 -0.0021925 0.6104015
39.189420 7.3133993 -0.4135906 3.9456911 0.0094871 0.7931630 0.0000207 0.6089355
39.502140 7.3811088 -0.4153881 3.9278586 0.0104315 0.7962984 -0.0026477 0.6048082
39.815010 7.4517846 -0.4176642 3.9075403 0.0100885 0.8013918 -0.0017402 0.5980522
40.128060 7.5249286 -0.4198324 3.8851280 0.0113848 0.8066441 -0.0030217 0.5909200
40.440800 7.6016479 -0.4227210 3.8594444 0.0152926 0.8113241 -0.0002483 0.5843964
40.753570 7.6787829 -0.4252261 3.8329837 0.0126621 0.8145198 0.0021053 0.5799938
41.066270 7.7577224 -0.4273817 3.8053071 0.0128527 0.8163238 0.0061778 0.5774184
41.378780 7.8357086 -0.4293246 3.7780483 0.0151162 0.8157449 0.0056057 0.5781872
42.003780 7.9866395 -0.4341741 3.7272387 0.0173590 0.8103126 0.0045635 0.5857230
42.316180 8.0558357 -0.4361612 3.7054510 0.0160777 0.8063938 0.0062120 0.5911277
42.628660 8.1186504 -0.4383170 3.6870611 0.0144412 0.7996035 0.0109834 0.6002541
43.148930 8.2120056 -0.4409635 3.6660140 0.0169913 0.7732526 0.0067812 0.6338342
43.357740 8.2487001 -0.4418957 3.6618629 0.0153919 0.7554410 0.0060603 0.6550078
43.668930 8.3028412 -0.4431303 3.6610491 0.0087996 0.7235001 0.0024792 0.6902638
43.877060 8.3384514 -0.4442253 3.6633623 0.0035559 0.7014314 0.0028089 0.7127225
44.085170 8.3733768 -0.4450055 3.6677208 0.0017871 0.6779485 0.0042267 0.7350951
44.293150 8.4072332 -0.4456923 3.6747003 0.0016688 0.6515217 0.0037869 0.7586187
44.501140 8.4415379 -0.4462100 3.6846111 0.0040965 0.6213827 0.0023453 0.7834930
44.709450 8.4759026 -0.4468457 3.6984470 0.0036868 0.5867322 -0.0014764 0.8097713
44.917460 8.5103712 -0.4476289 3.7161939 0.0046576 0.5477999 -0.0066566 0.8365699
45.333290 8.5807676 -0.4504063 3.7632921 0.0104774 0.4629741 -0.0032136 0.8863040
45.541680 8.6157064 -0.4519279 3.7957051 0.0065585 0.4185367 -0.0066306 0.9081520
45.749840 8.6494675 -0.4533827 3.8328428 0.0065582 0.3743586 -0.0064326 0.9272385
46.167710 8.7178736 -0.4562777 3.9273503 0.0057701 0.2943516 -0.0051647 0.9556658
46.375430 8.7502937 -0.4573191 3.9835594 0.0038016 0.2633581 -0.0052008 0.9646766
46.584500 8.7822456 -0.4585323 4.0453186 0.0005067 0.2396171 -0.0045235 0.9708568
46.793320 8.8138208 -0.4596818 4.1113710 0.0004053 0.2213956 -0.0009792 0.9751835
47.002150 8.8449469 -0.4607743 4.1819224 0.0008252 0.2038596 0.0026706 0.9789962
47.210900 8.8741999 -0.4617974 4.2572742 0.0014402 0.1869843 0.0026525 0.9823583
47.419800 8.9029293 -0.4628308 4.3370724 0.0003073 0.1754941 0.0007321 0.9844801
47.628840 8.9321270 -0.4639719 4.4198532 -0.0012976 0.1727623 -0.0019272 0.9849608
47.837650 8.9630699 -0.4651547 4.5048432 -0.0008773 0.1723682 0.0004639 0.9850321
48.046420 8.9956379 -0.4663827 4.5947657 0.0008758 0.1725231 0.0019752 0.9850031
48.255170 9.0290442 -0.4674513 4.6863728 -0.0000657 0.1730907 0.0019400 0.9849040
48.463660 9.0634127 -0.4684953 4.7807727 -0.0017550 0.1739560 0.0036466 0.9847451
48.672200 9.0984564 -0.4699170 4.8750510 -0.0012275 0.1743181 0.0045944 0.9846779
48.880720 9.1334496 -0.4715354 4.9701824 -0.0031894 0.1745228 0.0066218 0.9846257
49.089180 9.1693048 -0.4727651 5.0664172 -0.0038323 0.1744796 0.0081885 0.9846193
49.407810 9.2215891 -0.4747851 5.2082090 -0.0017829 0.1737930 0.0096389 0.9847334
49.714270 9.2728271 -0.4765156 5.3519287 -0.0021307 0.1720180 0.0093529 0.9850471
50.026950 9.3222141 -0.4785919 5.4952049 -0.0023643 0.1701533 0.0086635 0.9853767
50.339430 9.3713655 -0.4803560 5.6373067 -0.0034453 0.1677194 0.0098341 0.9857797
50.652030 9.4189663 -0.4817460 5.7779245 -0.0034914 0.1650652 0.0113355 0.9862114
50.964550 9.4650707 -0.4837186 5.9150801 -0.0038299 0.1620900 0.0122055 0.9866931
51.277040 9.5076027 -0.4852685 6.0460415 -0.0060724 0.1584041 0.0131626 0.9872680
51.589660 9.5465269 -0.4862717 6.1688681 -0.0017555 0.1548347 0.0111415 0.9878760
51.902300 9.5820093 -0.4881717 6.2838287 -0.0054477 0.1496265 0.0122775 0.9886513
52.215240 9.6126299 -0.4892690 6.3879576 -0.0060265 0.1435142 0.0105081 0.9895741
52.527830 9.6387110 -0.4907976 6.4810004 -0.0037891 0.1411371 0.0083701 0.9899474
52.840660 9.6614866 -0.4922137 6.5635223 -0.0006873 0.1394577 0.0076430 0.9901983
53.154550 9.6825809 -0.4937141 6.6395779 -0.0016862 0.1366461 0.0069433 0.9905941
53.465960 9.7010765 -0.4953583 6.7120328 -0.0012275 0.1257299 0.0100133 0.9920132
53.777930 9.7140932 -0.4968594 6.7821870 0.0000253 0.0982060 0.0096214 0.9951196
54.089790 9.7191877 -0.4981533 6.8502150 -0.0020098 0.0532938 0.0083718 0.9985418
54.401580 9.7160921 -0.4991430 6.9159145 -0.0047711 -0.0057111 0.0035632 0.9999660
54.713450 9.7050695 -0.4994687 6.9746995 -0.0070569 -0.0752334 -0.0026591 0.9971374
55.025330 9.6857042 -0.4997447 7.0305543 -0.0124882 -0.1545523 -0.0039739 0.9878977
55.441330 9.6522522 -0.4982070 7.1028223 -0.0142121 -0.2772961 -0.0095431 0.9606320
55.545500 9.6403370 -0.4976668 7.1203103 -0.0139045 -0.3083396 -0.0103822 0.9511181
55.649410 9.6261473 -0.4973552 7.1356068 -0.0151841 -0.3376119 -0.0096391 0.9411136
55.857760 9.5947313 -0.4961788 7.1621671 -0.0182008 -0.3933951 -0.0085458 0.9191496
56.066000 9.5607166 -0.4950030 7.1835785 -0.0200978 -0.4468438 -0.0093073 0.8943378
56.274310 9.5239782 -0.4939877 7.2001429 -0.0189211 -0.4970317 -0.0132276 0.8674253
56.482840 9.4867144 -0.4926441 7.2120199 -0.0148387 -0.5444369 -0.0162195 0.8385137
56.691300 9.4476004 -0.4915171 7.2213044 -0.0124998 -0.5862286 -0.0168836 0.8098733
56.900200 9.4088535 -0.4906411 7.2270346 -0.0091551 -0.6196800 -0.0189445 0.7845724
57.109200 9.3679209 -0.4889520 7.2324080 -0.0119058 -0.6449523 -0.0144086 0.7639942
57.945060 9.1717653 -0.4838120 7.2414851 -0.0128544 -0.6993881 -0.0112335 0.7145382
58.362580 9.0469809 -0.4802212 7.2345414 -0.0115018 -0.7192037 -0.0185050 0.6944576
58.676060 8.9439526 -0.4765144 7.2281823 -0.0102164 -0.7250866 -0.0205592 0.6882750
58.884940 8.8699408 -0.4740568 7.2235284 -0.0077140 -0.7266816 -0.0225969 0.6865593
59.198420 8.7439270 -0.4711180 7.2125764 -0.0023612 -0.7202150 -0.0279906 0.6931820
59.407510 8.6571531 -0.4688120 7.2085323 -0.0013161 -0.7133664 -0.0294378 0.7001714
59.720720 8.5193319 -0.4651003 7.2070351 0.0012040 -0.7025694 -0.0311631 0.7109315
60.033570 8.3732405 -0.4606847 7.2105494 0.0017982 -0.6910697 -0.0340340 0.7219841
60.346310 8.2229767 -0.4561776 7.2190032 0.0003398 -0.6812081 -0.0358624 0.7312109
60.554790 8.1238079 -0.4533668 7.2268767 -0.0002532 -0.6762466 -0.0355923 0.7358150
60.867330 7.9733238 -0.4490950 7.2402353 -0.0007072 -0.6733577 -0.0342595 0.7385223
61.179820 7.8217406 -0.4448943 7.2538247 0.0002963 -0.6721114 -0.0343426 0.7396531
61.492290 7.6695404 -0.4407409 7.2671046 0.0005560 -0.6713874 -0.0348379 0.7402871
61.805110 7.5179834 -0.4365476 7.2806087 0.0016909 -0.6719422 -0.0343769 0.7398034
62.117440 7.3677912 -0.4328622 7.2933931 0.0010992 -0.6727554 -0.0366295 0.7389569
62.429920 7.2185426 -0.4281691 7.3062143 0.0012980 -0.6731963 -0.0374148 0.7385155
62.742660 7.0698781 -0.4245668 7.3184743 0.0013855 -0.6720420 -0.0385758 0.7395062
63.055520 6.9213467 -0.4202124 7.3327484 0.0018615 -0.6703703 -0.0384179 0.7410293
63.263940 6.8241715 -0.4174440 7.3424802 0.0023498 -0.6700352 -0.0378027 0.7413624
63.576570 6.6796775 -0.4134755 7.3565979 0.0021791 -0.6692267 -0.0380181 0.7420819
63.785050 6.5827727 -0.4104818 7.3657675 0.0014780 -0.6685995 -0.0382572 0.7426365
63.993600 6.4872417 -0.4078121 7.3756523 0.0018268 -0.6684939 -0.0370868 0.7427901
64.202080 6.3913941 -0.4052111 7.3851247 0.0030427 -0.6681572 -0.0358969 0.7431474
64.410540 6.2951813 -0.4027247 7.3955336 0.0029421 -0.6675864 -0.0362819 0.7436419
64.619620 6.1990604 -0.4005761 7.4060984 0.0024915 -0.6670237 -0.0364364 0.7441408
65.035920 6.0027790 -0.3950545 7.4268761 -0.0005538 -0.6654896 -0.0360381 0.7455364
65.244430 5.9028544 -0.3922762 7.4381332 0.0013714 -0.6652508 -0.0329998 0.7458891
65.661320 5.7003155 -0.3873810 7.4598851 0.0011123 -0.6673724 -0.0337789 0.7439569
65.870560 5.5980396 -0.3846284 7.4695301 0.0004851 -0.6704711 -0.0332945 0.7411881
66.078070 5.4945178 -0.3819622 7.4781361 0.0002259 -0.6741820 -0.0342142 0.7377723
66.286540 5.3903513 -0.3790312 7.4856296 0.0006202 -0.6777548 -0.0356787 0.7344216
66.495070 5.2859058 -0.3766577 7.4928312 0.0031243 -0.6795253 -0.0341049 0.7328523
66.703570 5.1809011 -0.3743697 7.5004258 0.0035640 -0.6803338 -0.0323064 0.7321814
67.120480 4.9704847 -0.3703014 7.5135870 -0.0026503 -0.6814913 -0.0331503 0.7310702
67.328970 4.8643703 -0.3676544 7.5203753 -0.0029922 -0.6817596 -0.0349876 0.7307330
67.641720 4.7070007 -0.3626644 7.5288615 -0.0021364 -0.6820806 -0.0352300 0.7304248
67.850040 4.6031799 -0.3608258 7.5361166 -0.0009615 -0.6827365 -0.0351160 0.7298197
68.162850 4.4472475 -0.3555529 7.5443645 0.0001186 -0.6830330 -0.0348433 0.7295559
68.371230 4.3434567 -0.3529406 7.5507531 0.0001706 -0.6829424 -0.0349127 0.7296374
68.579550 4.2399931 -0.3499994 7.5568805 0.0003832 -0.6826013 -0.0350751 0.7299487
68.892240 4.0844893 -0.3454833 7.5659862 0.0004489 -0.6824450 -0.0359496 0.7300522
69.100450 3.9807603 -0.3425378 7.5719862 0.0007771 -0.6824455 -0.0362571 0.7300363
69.413100 3.8252025 -0.3385148 7.5814123 -0.0007223 -0.6827597 -0.0376723 0.7296708
69.621360 3.7219932 -0.3352635 7.5872760 -0.0001828 -0.6830751 -0.0376695 0.7293761
69.829670 3.6186659 -0.3324389 7.5930238 0.0008652 -0.6834101 -0.0400229 0.7289362
70.350780 3.3624225 -0.3246427 7.6054549 0.0060308 -0.6805562 -0.0413294 0.7315044
70.559170 3.2604702 -0.3216001 7.6123161 0.0038539 -0.6789538 -0.0417212 0.7329845
70.871920 3.1076357 -0.3170663 7.6217732 0.0031692 -0.6762249 -0.0427363 0.7354478
71.184470 2.9543152 -0.3121850 7.6334333 0.0056927 -0.6743095 -0.0406338 0.7373081
71.392800 2.8523870 -0.3091312 7.6405201 0.0066713 -0.6737005 -0.0394054 0.7379230
71.705330 2.6971362 -0.3051998 7.6530733 0.0029269 -0.6735782 -0.0388079 0.7380906
72.226050 2.4377050 -0.2963814 7.6729259 -0.0015687 -0.6745461 -0.0409767 0.7370930
72.434620 2.3345830 -0.2929412 7.6813741 0.0019330 -0.6743383 -0.0359134 0.7375462
72.642980 2.2308602 -0.2903092 7.6890779 0.0008806 -0.6738555 -0.0349382 0.7380361
72.955480 2.0740232 -0.2853358 7.7007875 -0.0018992 -0.6746652 -0.0363487 0.7372259
73.163840 1.9688250 -0.2816382 7.7085967 -0.0028047 -0.6761327 -0.0359945 0.7358947
73.372080 1.8644578 -0.2780945 7.7158918 -0.0046926 -0.6785383 -0.0349031 0.7337204
73.684600 1.7076255 -0.2722397 7.7245355 -0.0041405 -0.6813713 -0.0340312 0.7311347
73.892960 1.6030443 -0.2686256 7.7294507 -0.0036996 -0.6826707 -0.0337704 0.7299360
74.101330 1.4983186 -0.2648245 7.7347050 -0.0041614 -0.6838011 -0.0358486 0.7287754
74.414060 1.3422830 -0.2589906 7.7411981 -0.0030988 -0.6841677 -0.0359448 0.7284319
74.622500 1.2387160 -0.2553840 7.7460608 -0.0034724 -0.6845472 -0.0351969 0.7281100
74.830870 1.1366254 -0.2517639 7.7505636 -0.0044877 -0.6853036 -0.0356335 0.7273714
75.143430 0.9839983 -0.2462762 7.7569232 -0.0047906 -0.6868438 -0.0344965 0.7259701
75.560080 0.7832077 -0.2400697 7.7647681 -0.0036113 -0.6898882 -0.0299738 0.7232861
75.768340 0.6837708 -0.2373579 7.7683425 -0.0032738 -0.6915826 -0.0289622 0.7217090
75.976580 0.5837879 -0.2345467 7.7706943 -0.0066120 -0.6930133 -0.0301997 0.7202616
76.185000 0.4848536 -0.2313599 7.7719898 -0.0060546 -0.6931524 -0.0313124 0.7200851
76.393300 0.3874939 -0.2279451 7.7738161 -0.0058524 -0.6929371 -0.0323720 0.7202471
76.601900 0.2908578 -0.2245023 7.7754278 -0.0061721 -0.6925746 -0.0346973 0.7204849
77.018320 0.1037802 -0.2178612 7.7765231 -0.0056968 -0.6933270 -0.0351043 0.7197450
77.226680 0.0120062 -0.2143075 7.7777872 -0.0058591 -0.6944020 -0.0360840 0.7186580
77.436110 -0.0775568 -0.2106350 7.7783742 -0.0050354 -0.6957140 -0.0360669 0.7173952
77.643330 -0.1647545 -0.2074792 7.7785821 -0.0043840 -0.6970156 -0.0362221 0.7161271
77.851700 -0.2510622 -0.2044803 7.7792478 -0.0042019 -0.6980864 -0.0363261 0.7150791
78.060100 -0.3351505 -0.2013651 7.7788825 -0.0040992 -0.6988378 -0.0376661 0.7142760
78.268580 -0.4179380 -0.1984721 7.7786293 -0.0033048 -0.6987917 -0.0389933 0.7142540
78.894170 -0.6308920 -0.1894324 7.7772899 -0.0001838 -0.6930942 -0.0384088 0.7198230
79.102740 -0.7011392 -0.1871730 7.7787132 0.0004651 -0.6910561 -0.0377656 0.7218137
79.624080 -0.8644410 -0.1819317 7.7836809 -0.0014999 -0.6875740 -0.0375422 0.7251416
79.832620 -0.9276573 -0.1795160 7.7845745 -0.0012493 -0.6859788 -0.0373137 0.7266631
80.249580 -1.0469831 -0.1759034 7.7908959 -0.0037432 -0.6827292 -0.0375445 0.7296967
81.292550 -1.2949882 -0.1681472 7.8180299 -0.0067413 -0.6662970 -0.0351748 0.7448259
83.797550 -1.6332736 -0.1642769 7.9770966 0.0030554 -0.4204034 -0.0185429 0.9071426
84.423690 -1.6824255 -0.1669534 8.0521469 0.0003483 -0.2988976 -0.0132764 0.9541928
84.632280 -1.6985288 -0.1683254 8.0871801 0.0035980 -0.2578773 -0.0129909 0.9660836
84.840760 -1.7180392 -0.1685781 8.1320782 0.0065831 -0.2166565 -0.0144932 0.9761181
85.051210 -1.7356659 -0.1695399 8.1806736 0.0071662 -0.1747563 -0.0171560 0.9844362
85.257700 -1.7514565 -0.1710402 8.2342806 0.0066861 -0.1317386 -0.0176629 0.9911045
85.674100 -1.7711296 -0.1745711 8.3549461 0.0116293 -0.0626518 -0.0154913 0.9978474
85.881970 -1.7768415 -0.1771366 8.4207754 0.0123257 -0.0417082 -0.0114666 0.9989880
86.712810 -1.8019729 -0.1873211 8.7074690 0.0100423 -0.0200027 -0.0025995 0.9997461
86.920680 -1.8083761 -0.1899177 8.7862148 0.0099310 -0.0234633 -0.0014448 0.9996743
87.336860 -1.8314059 -0.1955991 8.9499435 0.0111647 -0.0258249 -0.0019799 0.9996022
87.648940 -1.8523113 -0.1983344 9.0699511 0.0077518 -0.0251782 -0.0031226 0.9996480
87.961420 -1.8784261 -0.2017256 9.1870489 0.0095164 -0.0244373 -0.0052305 0.9996424
88.273850 -1.9081129 -0.2033896 9.3148355 0.0079954 -0.0219387 -0.0043801 0.9997178
88.586360 -1.9442182 -0.2034665 9.4428139 0.0071144 -0.0188173 -0.0035919 0.9997912
88.898830 -1.9743034 -0.2060332 9.5844421 0.0063339 -0.0178426 -0.0043162 0.9998114
89.211590 -1.9917217 -0.2113813 9.7176170 0.0071360 -0.0189507 -0.0035720 0.9997886
89.524190 -1.9773974 -0.2183606 9.8458462 0.0069657 -0.0260344 -0.0024991 0.9996337
89.732690 -1.9750518 -0.2225312 9.9286995 0.0043633 -0.0273044 -0.0022940 0.9996150
90.045560 -1.9761094 -0.2259813 10.0391693 0.0066213 -0.0289311 -0.0027812 0.9995556
90.253860 -1.9793426 -0.2285326 10.1082668 0.0060217 -0.0307277 -0.0033081 0.9995041
90.774680 -1.9882734 -0.2341395 10.2633533 0.0049848 -0.0386077 -0.0031971 0.9992369
90.983300 -1.9923748 -0.2360953 10.3179712 0.0052176 -0.0416973 -0.0031406 0.9991117
91.713820 -2.0006707 -0.2417329 10.4835920 0.0062096 -0.0185857 -0.0065190 0.9997867
91.922450 -1.9990453 -0.2434303 10.5278091 0.0064859 0.0002585 -0.0054107 0.9999643
92.235900 -1.9922339 -0.2461384 10.5922327 0.0125813 0.0389206 -0.0069676 0.9991388
93.385200 -1.9093982 -0.2562684 10.7941341 0.0184290 0.2570487 0.0070060 0.9661973
93.594110 -1.8837626 -0.2578454 10.8238897 0.0228811 0.3016279 0.0117923 0.9530782
93.802820 -1.8560697 -0.2589869 10.8532009 0.0244043 0.3484657 0.0069097 0.9369783
94.011550 -1.8257685 -0.2620437 10.8816099 0.0176229 0.3944343 -0.0036736 0.9187478
94.220100 -1.7908577 -0.2639395 10.9037161 0.0224339 0.4402101 0.0016797 0.8976129
94.428710 -1.7519218 -0.2656892 10.9248104 0.0247623 0.4867561 -0.0001214 0.8731868
94.639870 -1.7086637 -0.2681623 10.9458113 0.0180542 0.5317718 -0.0074820 0.8466621
94.845720 -1.6600109 -0.2712663 10.9621630 0.0154876 0.5719384 -0.0055338 0.8201317
95.262120 -1.5500296 -0.2752462 10.9861307 0.0204377 0.6294353 -0.0043123 0.7767721
95.469850 -1.4882863 -0.2779256 10.9955416 0.0161852 0.6500701 -0.0024934 0.7596977
95.677890 -1.4225227 -0.2806877 11.0022917 0.0147245 0.6686987 -0.0043596 0.7433749
95.885910 -1.3525275 -0.2831108 11.0055904 0.0193116 0.6836917 -0.0020626 0.7295125
96.093730 -1.2777705 -0.2855675 11.0077448 0.0165355 0.6958997 0.0000982 0.7179486
96.509210 -1.1182805 -0.2903332 11.0070019 0.0202265 0.7085246 0.0039186 0.7053853
96.717080 -1.0332779 -0.2931429 11.0077114 0.0179069 0.7108102 0.0049755 0.7031382
96.924880 -0.9451565 -0.2960104 11.0059185 0.0170208 0.7113605 0.0044381 0.7026072
97.132730 -0.8548519 -0.2986287 11.0051336 0.0170129 0.7121675 0.0074528 0.7017639
97.340580 -0.7643141 -0.3011746 11.0047312 0.0163066 0.7104719 0.0093007 0.7034752
97.548460 -0.6734164 -0.3041860 11.0048475 0.0182287 0.7079893 0.0091283 0.7059288
97.756480 -0.5813189 -0.3070982 11.0053043 0.0173833 0.7055758 0.0099645 0.7083511
97.964520 -0.4896146 -0.3100041 11.0066738 0.0184387 0.7033353 0.0088186 0.7105644
98.173950 -0.3968106 -0.3124319 11.0090237 0.0177926 0.7017106 0.0072770 0.7122027
98.380720 -0.3033894 -0.3154790 11.0120735 0.0135510 0.7005030 0.0062562 0.7134934
98.588990 -0.2097768 -0.3182870 11.0154915 0.0131015 0.6996489 0.0033295 0.7143589
98.797260 -0.1156393 -0.3211977 11.0185575 0.0126440 0.6993229 0.0027908 0.7146885
99.109590 0.0250127 -0.3258158 11.0220947 0.0121246 0.6996140 0.0042920 0.7144052
99.422060 0.1637651 -0.3304170 11.0258827 0.0110502 0.7005086 0.0036690 0.7135490
99.734760 0.3018555 -0.3344701 11.0294247 0.0082576 0.7029370 0.0015752 0.7112024
100.047200 0.4387617 -0.3382736 11.0321636 0.0026616 0.7050517 0.0029838 0.7091447
100.359800 0.5728585 -0.3417698 11.0334415 0.0059187 0.7056335 0.0017192 0.7085502
100.672200 0.7047129 -0.3458950 11.0345125 0.0074645 0.7057847 0.0011343 0.7083862
100.985100 0.8350570 -0.3492548 11.0357618 0.0051828 0.7072387 0.0010531 0.7069550
101.297200 0.9630222 -0.3532365 11.0364771 0.0038453 0.7087615 0.0007578 0.7054373
101.609900 1.0898898 -0.3562087 11.0367661 0.0049009 0.7085825 0.0017410 0.7056088
101.922300 1.2145052 -0.3593429 11.0382910 0.0007394 0.7079188 0.0011519 0.7062925
102.234900 1.3379388 -0.3622790 11.0395317 0.0025679 0.7079788 -0.0016953 0.7062270
102.547400 1.4598500 -0.3651426 11.0394945 0.0028764 0.7081648 0.0009808 0.7060407
102.964100 1.6175984 -0.3702677 11.0400705 0.0125471 0.7075145 -0.0042346 0.7065747
103.276500 1.7350763 -0.3748716 11.0415163 0.0069540 0.7054053 -0.0003652 0.7087700
103.589200 1.8503352 -0.3786384 11.0442505 0.0024468 0.7047806 -0.0037015 0.7094115
103.901800 1.9637616 -0.3816415 11.0456409 0.0016704 0.7060462 -0.0060832 0.7081376
104.214400 2.0750091 -0.3852716 11.0462770 0.0017058 0.7074630 -0.0039953 0.7067370
104.526700 2.1835513 -0.3886135 11.0478420 0.0008345 0.7071803 -0.0045284 0.7070182
104.839200 2.2881997 -0.3917913 11.0494089 0.0027395 0.7065657 -0.0074617 0.7076027
105.151800 2.3923724 -0.3955272 11.0502138 0.0008233 0.7061747 -0.0073824 0.7079987
105.464400 2.4953392 -0.3987378 11.0507145 0.0022867 0.7073095 -0.0046655 0.7068849
105.777200 2.5971451 -0.4019999 11.0508709 -0.0000284 0.7101506 -0.0051538 0.7040309
106.089900 2.6995709 -0.4053143 11.0494652 0.0042915 0.7156492 -0.0071331 0.6984103
106.402800 2.8066595 -0.4086673 11.0454798 0.0034360 0.7212761 -0.0077237 0.6925961
106.715500 2.9168561 -0.4119552 11.0405378 0.0031625 0.7276181 -0.0083791 0.6859240
107.028200 3.0329533 -0.4156306 11.0319958 0.0029572 0.7331465 -0.0048624 0.6800470
107.445000 3.1936786 -0.4205945 11.0178862 0.0076219 0.7398693 -0.0049005 0.6726896
107.757500 3.3239505 -0.4241026 11.0049295 0.0068608 0.7429665 0.0007633 0.6692930
108.174000 3.5047834 -0.4280396 10.9861622 0.0110824 0.7431960 0.0028744 0.6689758
108.486300 3.6485660 -0.4318888 10.9715357 0.0157234 0.7411494 0.0071346 0.6711181
108.694500 3.7471893 -0.4341404 10.9628296 0.0170105 0.7382402 0.0103463 0.6742440
108.902600 3.8480914 -0.4361662 10.9554272 0.0167268 0.7350354 0.0107005 0.6777379
109.110700 3.9509387 -0.4384222 10.9482260 0.0177423 0.7314802 0.0101973 0.6815556
109.423000 4.1073084 -0.4421863 10.9399080 0.0177164 0.7270784 0.0085069 0.6862731
109.631400 4.2116079 -0.4457111 10.9349775 0.0212638 0.7259349 0.0046685 0.6874188
109.943800 4.3706694 -0.4517444 10.9268179 0.0188645 0.7246358 0.0119928 0.6887693
110.152000 4.4768300 -0.4545532 10.9221382 0.0170585 0.7239433 0.0136701 0.6895131
110.361100 4.5814381 -0.4576324 10.9180355 0.0185774 0.7233841 0.0120425 0.6900908
110.568500 4.6861711 -0.4602672 10.9134111 0.0189054 0.7226461 0.0109488 0.6908730
110.776900 4.7914495 -0.4632582 10.9099998 0.0180917 0.7217531 0.0102177 0.6918387
110.985200 4.8956347 -0.4665576 10.9067631 0.0195064 0.7203047 0.0084767 0.6933317
111.193300 4.9994984 -0.4699510 10.9034786 0.0160292 0.7183434 0.0107129 0.6954215
111.401600 5.1020617 -0.4729599 10.9016018 0.0156537 0.7165292 0.0109895 0.6972948
111.609900 5.2049127 -0.4760528 10.9003658 0.0128683 0.7153135 0.0090624 0.6986264
111.818700 5.3057628 -0.4787591 10.8999872 0.0077373 0.7145877 0.0066584 0.6994714
112.026400 5.4061623 -0.4813050 10.8990211 0.0088840 0.7150404 0.0040274 0.6990150
112.234700 5.5059724 -0.4842218 10.8972883 0.0111626 0.7149233 0.0010810 0.6991130
112.443000 5.6052823 -0.4872611 10.8961420 0.0106322 0.7154176 0.0027230 0.6986109
112.651700 5.7038584 -0.4902621 10.8940382 0.0076833 0.7163544 0.0033967 0.6976861
112.859700 5.8014951 -0.4927551 10.8918886 0.0058726 0.7183290 0.0014172 0.6956774
113.068100 5.8986659 -0.4954880 10.8893671 0.0048487 0.7212268 0.0014105 0.6926806
113.276200 5.9948010 -0.4981884 10.8860569 0.0039939 0.7241378 0.0005874 0.6896435
113.588800 6.1367869 -0.5021763 10.8785238 0.0053057 0.7291692 -0.0005650 0.6843126
113.797100 6.2319241 -0.5046277 10.8720293 0.0046290 0.7344902 0.0000153 0.6786035
114.005500 6.3269691 -0.5065659 10.8636150 0.0032243 0.7405158 0.0026122 0.6720262
114.213900 6.4226141 -0.5080705 10.8542900 0.0023436 0.7468217 0.0021285 0.6650168
114.423500 6.5186801 -0.5097334 10.8417826 0.0033396 0.7528006 0.0035747 0.6582304
114.630800 6.6133265 -0.5117999 10.8282604 0.0054349 0.7595143 0.0030543 0.6504607
114.839100 6.7086525 -0.5135438 10.8117418 0.0067316 0.7664067 0.0060076 0.6422923
115.047500 6.8043580 -0.5151539 10.7929583 0.0109985 0.7724450 0.0075285 0.6349418
115.255800 6.8999553 -0.5169678 10.7734566 0.0140361 0.7758547 0.0119204 0.6306428
115.463800 6.9944715 -0.5186046 10.7535563 0.0185910 0.7767473 0.0130784 0.6294020
115.775900 7.1377530 -0.5219614 10.7245083 0.0245066 0.7729313 0.0175328 0.6337737
115.983800 7.2344255 -0.5240979 10.7062922 0.0242913 0.7686731 0.0243449 0.6387167
116.191900 7.3303261 -0.5259503 10.6895399 0.0267712 0.7651342 0.0247781 0.6428367
116.504000 7.4736233 -0.5291037 10.6674414 0.0304876 0.7595620 0.0213428 0.6493694
116.816100 7.6174006 -0.5325432 10.6484509 0.0275576 0.7529057 0.0239108 0.6571163
117.024500 7.7112408 -0.5347695 10.6371307 0.0276872 0.7498806 0.0221042 0.6606238
117.232900 7.8039947 -0.5369868 10.6262159 0.0297442 0.7489694 0.0211682 0.6615980
117.441200 7.8940878 -0.5392985 10.6159658 0.0271762 0.7486638 0.0256520 0.6618957
117.649600 7.9802403 -0.5411894 10.6060734 0.0251418 0.7482326 0.0281785 0.6623607
117.858100 8.0637550 -0.5425872 10.5970449 0.0293558 0.7479948 0.0251658 0.6625774
118.066500 8.1467762 -0.5444317 10.5880575 0.0294495 0.7481619 0.0225149 0.6624799
118.275000 8.2290964 -0.5460381 10.5782194 0.0291135 0.7487534 0.0245689 0.6617530
118.483500 8.3103514 -0.5473153 10.5681038 0.0273607 0.7495921 0.0294908 0.6606764
118.692000 8.3913279 -0.5488887 10.5575581 0.0288984 0.7505351 0.0313931 0.6594516
118.900700 8.4718437 -0.5498564 10.5474644 0.0343227 0.7502673 0.0272707 0.6596796
119.109400 8.5522060 -0.5517051 10.5380526 0.0345408 0.7484762 0.0280834 0.6616659
119.317100 8.6323862 -0.5536855 10.5299692 0.0307454 0.7454850 0.0294776 0.6651601
119.525400 8.7129087 -0.5551468 10.5222015 0.0301320 0.7428808 0.0288462 0.6681229
119.733800 8.7927103 -0.5565053 10.5148039 0.0324413 0.7403929 0.0279186 0.6708104
119.942000 8.8708477 -0.5578277 10.5080309 0.0312373 0.7386165 0.0304567 0.6727126
120.150300 8.9461432 -0.5595745 10.5006676 0.0294787 0.7372168 0.0316973 0.6742682
120.463100 9.0602455 -0.5620971 10.4929543 0.0296554 0.7372863 0.0247060 0.6744769
120.775700 9.1631336 -0.5649898 10.4850674 0.0244028 0.7375371 0.0264389 0.6743475
121.088200 9.2559834 -0.5673655 10.4779196 0.0227506 0.7378325 0.0250240 0.6741360
121.400800 9.3379202 -0.5689926 10.4710102 0.0257963 0.7370281 0.0226310 0.6749904
121.713700 9.4098873 -0.5708788 10.4656963 0.0248683 0.7367997 0.0202803 0.6753491
122.757700 9.6145658 -0.5772557 10.4440670 0.0275102 0.7516125 0.0209566 0.6586977
123.173800 9.6764317 -0.5790350 10.4355021 0.0298254 0.7572196 0.0204338 0.6521590
123.382300 9.7066183 -0.5795953 10.4298830 0.0296450 0.7605690 0.0216877 0.6482173
123.799400 9.7650566 -0.5813300 10.4194984 0.0287987 0.7691084 0.0203754 0.6381440
125.260000 9.9987507 -0.5857398 10.3424397 0.0233123 0.8455949 0.0085079 0.5332480
125.468700 10.0354576 -0.5856029 10.3214760 0.0228651 0.8615129 0.0088148 0.5071440
125.677400 10.0712137 -0.5862693 10.2963419 0.0217001 0.8778523 0.0107942 0.4783178
125.886700 10.1071224 -0.5869929 10.2678585 0.0202119 0.8940970 0.0115960 0.4472668
126.511700 10.2111454 -0.5867457 10.1596737 0.0162930 0.9388493 0.0140738 0.3436546
126.616000 10.2277422 -0.5865597 10.1383142 0.0160520 0.9453346 0.0141967 0.3253970
126.824500 10.2574806 -0.5861570 10.0925694 0.0169220 0.9566199 0.0138929 0.2905149
127.137100 10.3010969 -0.5857511 10.0140047 0.0155689 0.9707795 0.0144492 0.2390313
127.345600 10.3268356 -0.5847459 9.9562531 0.0136027 0.9789792 0.0174175 0.2027593
127.449800 10.3378372 -0.5840781 9.9247189 0.0150114 0.9825941 0.0203768 0.1840336
128.075400 10.3828793 -0.5792764 9.7223330 0.0175826 0.9974644 0.0220082 0.0653551
128.179700 10.3863287 -0.5786862 9.6874361 0.0175790 0.9986144 0.0198371 0.0454615
128.387800 10.3876591 -0.5766710 9.6146612 0.0198086 0.9996238 0.0150897 0.0114924
128.596100 10.3846989 -0.5750128 9.5391455 0.0217505 0.9994669 0.0162585 -0.0181243
128.804200 10.3782330 -0.5735720 9.4616470 0.0210486 0.9986776 0.0184541 -0.0431222
128.908300 10.3734627 -0.5722825 9.4225016 0.0207948 0.9981613 0.0188279 -0.0537332
129.116400 10.3627510 -0.5700818 9.3433189 0.0191302 0.9968759 0.0216680 -0.0735051
129.844800 10.3015079 -0.5582900 9.0627022 0.0109485 0.9904502 0.0230418 -0.1354903
130.052900 10.2782297 -0.5547955 8.9791012 0.0105142 0.9889358 0.0213737 -0.1464189
130.261000 10.2518854 -0.5518030 8.8944950 0.0157214 0.9877766 0.0229750 -0.1533703
130.469000 10.2242241 -0.5486289 8.8086033 0.0162961 0.9871165 0.0217728 -0.1576751
130.677700 10.1963987 -0.5459880 8.7227879 0.0177456 0.9866118 0.0205952 -0.1608042
130.885300 10.1683273 -0.5432577 8.6365376 0.0194455 0.9865741 0.0204993 -0.1608513
131.093400 10.1397715 -0.5408773 8.5498877 0.0230880 0.9869488 0.0204667 -0.1580512
131.302500 10.1132803 -0.5381257 8.4642792 0.0247951 0.9877408 0.0212644 -0.1526470
131.509500 10.0876780 -0.5354165 8.3779612 0.0250910 0.9886658 0.0218420 -0.1464015
131.717500 10.0637484 -0.5326613 8.2923841 0.0256814 0.9895678 0.0220090 -0.1400415
131.925800 10.0407782 -0.5299194 8.2076311 0.0256796 0.9904026 0.0224211 -0.1339423
132.133900 10.0199003 -0.5272671 8.1253881 0.0252805 0.9910684 0.0236365 -0.1287858
132.342200 9.9999332 -0.5247579 8.0460215 0.0246752 0.9914632 0.0246058 -0.1256442
132.550700 9.9820461 -0.5223773 7.9705834 0.0235256 0.9915619 0.0241661 -0.1251698
132.865500 9.9555187 -0.5187432 7.8634014 0.0230647 0.9914348 0.0239818 -0.1262931
133.178000 9.9305086 -0.5159658 7.7634792 0.0222673 0.9907652 0.0240040 -0.1315763
133.698000 9.8814898 -0.5102732 7.5995088 0.0204139 0.9876547 0.0233892 -0.1535394
134.011100 9.8474398 -0.5071353 7.5103507 0.0205411 0.9825334 0.0232036 -0.1834879
134.220100 9.8218546 -0.5052479 7.4555717 0.0188706 0.9769067 0.0226367 -0.2116244
134.533600 9.7778664 -0.5027880 7.3818650 0.0161480 0.9624986 0.0200536 -0.2700621
134.847300 9.7268238 -0.5008010 7.3207111 0.0170492 0.9411117 0.0165940 -0.3372577
135.056400 9.6885414 -0.4993871 7.2858291 0.0156809 0.9223249 0.0181267 -0.3856713
135.265300 9.6481228 -0.4982843 7.2555356 0.0129431 0.9005920 0.0199856 -0.4340129
135.473900 9.6043720 -0.4968919 7.2307425 0.0134426 0.8765844 0.0205302 -0.4806221
135.682600 9.5575628 -0.4952563 7.2090898 -0.0099713 -0.8499736 -0.0233654 0.5262125
135.891300 9.5080395 -0.4937982 7.1920033 -0.0087715 -0.8217220 -0.0250940 0.5692682
136.099700 9.4554625 -0.4918124 7.1794362 -0.0074025 -0.7931771 -0.0246379 0.6084474
136.308100 9.3997536 -0.4898021 7.1708975 -0.0075956 -0.7670735 -0.0270070 0.6409456
136.517700 9.3413219 -0.4880129 7.1655030 -0.0102279 -0.7454318 -0.0287585 0.6658827
136.726800 9.2800398 -0.4860828 7.1620913 -0.0076363 -0.7276829 -0.0292269 0.6852483
136.932000 9.2166443 -0.4839374 7.1611176 -0.0035254 -0.7142302 -0.0281776 0.6993346
137.141300 9.1488695 -0.4812260 7.1616220 -0.0013160 -0.7042424 -0.0286871 0.7093786
137.451700 9.0412607 -0.4779035 7.1660128 -0.0016419 -0.6913503 -0.0310329 0.7218511
138.700000 8.5364971 -0.4648869 7.1902633 0.0009831 -0.6787756 -0.0321674 0.7336402
139.429300 8.1922131 -0.4547762 7.2161331 0.0017462 -0.6725392 -0.0340850 0.7392741
140.054300 7.8771472 -0.4464506 7.2472882 0.0002699 -0.6702994 -0.0330904 0.7413526
140.575000 7.6081276 -0.4389250 7.2710299 0.0012811 -0.6713232 -0.0355905 0.7403086
141.095800 7.3418264 -0.4323263 7.2949810 0.0010385 -0.6707955 -0.0378543 0.7406750
141.720700 7.0290384 -0.4234978 7.3242168 0.0009650 -0.6696213 -0.0383363 0.7417120
142.345500 6.7227097 -0.4147242 7.3544950 0.0025021 -0.6697720 -0.0375488 0.7416127
142.866700 6.4673114 -0.4074445 7.3790102 0.0023823 -0.6687867 -0.0372555 0.7425165
143.283500 6.2642584 -0.4022340 7.4013510 0.0024819 -0.6657500 -0.0365948 0.7452728
143.908900 5.9559283 -0.3938946 7.4360061 -0.0005570 -0.6642317 -0.0342566 0.7467412
144.429800 5.6913939 -0.3872615 7.4636335 0.0008694 -0.6689475 -0.0329207 0.7425798
144.847100 5.4739542 -0.3811179 7.4820309 0.0004216 -0.6765837 -0.0338120 0.7355890
145.367300 5.1966553 -0.3745753 7.5003400 0.0038980 -0.6821398 -0.0319475 0.7305132
145.784000 4.9712653 -0.3704446 7.5129914 -0.0017154 -0.6828243 -0.0325230 0.7298563
146.305000 4.6842394 -0.3617049 7.5290599 -0.0010002 -0.6832598 -0.0353670 0.7293177
146.825900 4.3988681 -0.3537988 7.5461636 0.0003869 -0.6824791 -0.0350260 0.7300652
147.242500 4.1713872 -0.3478200 7.5600195 0.0001204 -0.6820515 -0.0358284 0.7304260
147.763200 3.8869960 -0.3395613 7.5769343 -0.0005007 -0.6826645 -0.0372253 0.7297830
148.284200 3.6035311 -0.3318256 7.5933404 0.0025482 -0.6817927 -0.0408639 0.7303987
148.805100 3.3208287 -0.3235168 7.6109977 0.0061070 -0.6755963 -0.0411860 0.7360951
149.326100 3.0376446 -0.3150728 7.6336889 0.0030697 -0.6695362 -0.0413243 0.7416226
149.846600 2.7528548 -0.3071764 7.6609054 0.0018511 -0.6679040 -0.0360895 0.7433696
150.367100 2.4612410 -0.2984798 7.6880455 -0.0060357 -0.6702194 -0.0356499 0.7412817
150.887800 2.1667359 -0.2892882 7.7112942 -0.0048587 -0.6764131 -0.0302955 0.7358831
151.408300 1.8655077 -0.2785740 7.7294717 -0.0061984 -0.6805484 -0.0323620 0.7319619
151.928800 1.5612928 -0.2678474 7.7453108 -0.0063397 -0.6843925 -0.0313894 0.7284102
152.449400 1.2592151 -0.2565191 7.7561517 -0.0064870 -0.6883108 -0.0329500 0.7246382
152.865900 1.0220507 -0.2482293 7.7636657 -0.0071979 -0.6901192 -0.0329356 0.7229100
153.282500 0.7886361 -0.2402280 7.7707558 -0.0049003 -0.6916455 -0.0293527 0.7216238
153.699000 0.5572122 -0.2339861 7.7770071 -0.0083201 -0.6935423 -0.0290629 0.7197813
154.219700 0.2770821 -0.2240458 7.7798285 -0.0080776 -0.6949429 -0.0340399 0.7182133
154.636800 0.0669140 -0.2164058 7.7795982 -0.0068990 -0.6962224 -0.0356030 0.7169095
155.157200 -0.1767716 -0.2071877 7.7798963 -0.0056122 -0.6990743 -0.0368619 0.7140762
155.573700 -0.3581202 -0.2004224 7.7791605 -0.0041455 -0.7002748 -0.0385510 0.7128197
156.407900 -0.6681806 -0.1884018 7.7808037 0.0016099 -0.6807204 -0.0401619 0.7314398
157.242100 -0.9371830 -0.1806958 7.8105288 -0.0060692 -0.6497955 -0.0326133 0.7593849
158.491900 -1.2679349 -0.1703245 7.8603292 -0.0203468 -0.6618621 -0.0234957 0.7489809
158.908600 -1.3429790 -0.1678382 7.8680015 -0.0176298 -0.6682650 -0.0211797 0.7434127
160.263700 -1.4845468 -0.1633110 7.8668528 -0.0116223 -0.6756020 -0.0175489 0.7369660
160.576500 -1.5121260 -0.1627136 7.8675838 -0.0120009 -0.6773291 -0.0170814 0.7353839
160.889200 -1.5405356 -0.1624279 7.8692436 -0.0138781 -0.6798352 -0.0167160 0.7330430
161.827100 -1.6488324 -0.1597768 7.8754773 -0.0053451 -0.6918137 -0.0173828 0.7218470
162.139700 -1.6998628 -0.1579701 7.8770599 -0.0008549 -0.6952028 -0.0169219 0.7186139
162.452400 -1.7609390 -0.1569025 7.8768797 0.0016311 -0.6939620 -0.0198357 0.7197365
162.765100 -1.8313026 -0.1549879 7.8783360 -0.0018689 -0.6922042 -0.0258852 0.7212349
162.973500 -1.8834291 -0.1535094 7.8806925 -0.0088609 -0.6916224 -0.0263147 0.7217253
163.182100 -1.9392831 -0.1514862 7.8835106 -0.0142173 -0.6913205 -0.0202398 0.7221248
163.390600 -1.9990808 -0.1490515 7.8846154 -0.0109619 -0.6922037 -0.0208804 0.7213168
163.598900 -2.0625401 -0.1464447 7.8870010 -0.0176022 -0.6939282 -0.0175503 0.7196150
163.807300 -2.1288970 -0.1441962 7.8880072 -0.0172863 -0.6956602 -0.0164642 0.7179742
164.015600 -2.1980035 -0.1420113 7.8885331 -0.0080799 -0.6977643 -0.0117637 0.7161852
164.224100 -2.2708380 -0.1398287 7.8886828 -0.0077075 -0.6981561 -0.0116540 0.7158093
164.432600 -2.3483114 -0.1386262 7.8894434 -0.0133215 -0.6986724 -0.0144392 0.7151721
164.641600 -2.4273369 -0.1364296 7.8893366 -0.0084443 -0.6995257 -0.0143136 0.7144142
164.849700 -2.5090945 -0.1342181 7.8894286 -0.0078296 -0.7000794 -0.0142818 0.7138792
165.058000 -2.5925894 -0.1326080 7.8885765 -0.0097455 -0.7003059 -0.0171701 0.7135698
165.266500 -2.6782670 -0.1299684 7.8889956 -0.0109054 -0.7005071 -0.0190066 0.7133089
165.475000 -2.7651105 -0.1275304 7.8888197 -0.0095948 -0.6997659 -0.0193348 0.7140461
165.683600 -2.8541489 -0.1243348 7.8887553 -0.0081095 -0.6985167 -0.0184532 0.7153098
165.892000 -2.9462345 -0.1224183 7.8897123 -0.0098263 -0.6970210 -0.0199629 0.7167054
166.100600 -3.0394883 -0.1194412 7.8902774 -0.0101274 -0.6956165 -0.0199970 0.7180635
166.308900 -3.1338818 -0.1167564 7.8912401 -0.0107848 -0.6948892 -0.0186888 0.7187930
166.517400 -3.2281182 -0.1131004 7.8916817 -0.0109742 -0.6946496 -0.0177306 0.7190461
166.725700 -3.3239870 -0.1105631 7.8931546 -0.0103151 -0.6951664 -0.0195415 0.7185091
166.934000 -3.4187422 -0.1080782 7.8942823 -0.0084953 -0.6955613 -0.0185529 0.7181769
167.142500 -3.5153005 -0.1053774 7.8953686 -0.0088358 -0.6958071 -0.0211469 0.7178629
167.351000 -3.6132123 -0.1024064 7.8961678 -0.0101924 -0.6954576 -0.0207325 0.7181957
167.559000 -3.7099564 -0.0996909 7.8976045 -0.0116697 -0.6950614 -0.0212267 0.7185422
167.767400 -3.8066630 -0.0964215 7.8991070 -0.0111147 -0.6950170 -0.0211545 0.7185961
167.975600 -3.9028819 -0.0942666 7.9006958 -0.0080744 -0.6948325 -0.0212773 0.7188115
168.183900 -3.9993045 -0.0919827 7.9025221 -0.0067741 -0.6949844 -0.0247519 0.7185667
168.392100 -4.0961323 -0.0887228 7.9037423 -0.0120160 -0.6948194 -0.0297902 0.7184665
168.600500 -4.1913166 -0.0852078 7.9050288 -0.0082577 -0.6947882 -0.0287659 0.7185915
168.808900 -4.2869081 -0.0822805 7.9072657 -0.0037301 -0.6946781 -0.0240400 0.7189092
169.017300 -4.3830872 -0.0798264 7.9091163 -0.0052014 -0.6942847 -0.0239055 0.7192845
169.225900 -4.4794245 -0.0772676 7.9112520 -0.0076008 -0.6941324 -0.0227956 0.7194462
169.434000 -4.5743718 -0.0754692 7.9133081 -0.0073580 -0.6945735 -0.0208240 0.7190827
169.642300 -4.6692848 -0.0734143 7.9143209 -0.0087471 -0.6949141 -0.0206390 0.7187433
169.850700 -4.7654133 -0.0707957 7.9164467 -0.0117845 -0.6952876 -0.0231179 0.7182631
170.059000 -4.8608708 -0.0676714 7.9182882 -0.0077538 -0.6959252 -0.0212303 0.7177585
170.267400 -4.9559026 -0.0653694 7.9190478 -0.0060795 -0.6960465 -0.0217773 0.7176406
170.475800 -5.0521679 -0.0629534 7.9207220 -0.0092501 -0.6962140 -0.0245495 0.7173547
170.684100 -5.1478605 -0.0599655 7.9216404 -0.0071853 -0.6965705 -0.0240600 0.7170488
170.892400 -5.2433877 -0.0572419 7.9225383 -0.0038787 -0.6976747 -0.0261757 0.7159259
171.100700 -5.3385077 -0.0552262 7.9228678 -0.0030539 -0.6993054 -0.0251798 0.7143729
171.308900 -5.4341655 -0.0524011 7.9226656 -0.0046548 -0.7010738 -0.0227227 0.7127114
171.517300 -5.5298724 -0.0507654 7.9222345 -0.0024274 -0.7025319 -0.0197136 0.7113750
171.725500 -5.6260891 -0.0490340 7.9214530 -0.0025163 -0.7039056 -0.0213335 0.7099686
171.933900 -5.7233839 -0.0467367 7.9207673 -0.0055447 -0.7052339 -0.0247386 0.7085213
172.142500 -5.8205109 -0.0444228 7.9188604 -0.0047029 -0.7066152 -0.0235911 0.7071890
172.351200 -5.9169602 -0.0423282 7.9171619 -0.0026073 -0.7084107 -0.0203314 0.7055028
172.662800 -6.0634813 -0.0398628 7.9125686 -0.0038807 -0.7106906 -0.0227645 0.7031256
172.871000 -6.1624880 -0.0375716 7.9094491 -0.0036380 -0.7123288 -0.0228594 0.7014641
173.079300 -6.2608962 -0.0353959 7.9052410 -0.0040708 -0.7138287 -0.0216820 0.6999728
173.287500 -6.3569889 -0.0334626 7.9013753 -0.0037194 -0.7154689 -0.0201766 0.6983433
173.495800 -6.4538269 -0.0313924 7.8974595 -0.0037606 -0.7166445 -0.0201285 0.6971380
173.704000 -6.5508003 -0.0295937 7.8939586 -0.0051075 -0.7179347 -0.0182111 0.6958534
173.912300 -6.6469674 -0.0279113 7.8889599 -0.0074688 -0.7187963 -0.0192695 0.6949135
174.224700 -6.7932787 -0.0249078 7.8816180 -0.0060943 -0.7199938 -0.0180354 0.6937194
174.537200 -6.9399533 -0.0223011 7.8745875 -0.0066732 -0.7213006 -0.0161165 0.6924025
174.849700 -7.0855265 -0.0193349 7.8671517 -0.0106409 -0.7208791 -0.0148191 0.6928206
175.058000 -7.1810727 -0.0177404 7.8615084 -0.0080983 -0.7207276 -0.0126681 0.6930553
175.266300 -7.2778993 -0.0159278 7.8556075 -0.0052677 -0.7202163 -0.0156123 0.6935539
175.474500 -7.3743215 -0.0142460 7.8511529 -0.0072128 -0.7203736 -0.0172194 0.6933350
175.682800 -7.4712925 -0.0121647 7.8460417 -0.0071729 -0.7207448 -0.0183683 0.6929199
175.891100 -7.5680184 -0.0102779 7.8412061 -0.0054031 -0.7211683 -0.0174999 0.6925177
176.099300 -7.6653090 -0.0084361 7.8350062 -0.0034101 -0.7209237 -0.0192054 0.6927398
176.307600 -7.7619658 -0.0066763 7.8302636 -0.0037570 -0.7209800 -0.0198675 0.6926607
176.515700 -7.8583899 -0.0049409 7.8251009 -0.0048658 -0.7205147 -0.0186469 0.6931718
176.723900 -7.9561601 -0.0031131 7.8203373 -0.0050262 -0.7204175 -0.0180220 0.6932883
176.932200 -8.0529547 -0.0018251 7.8160563 -0.0030124 -0.7205268 -0.0167663 0.6932178
177.140500 -8.1501093 -0.0001481 7.8104548 -0.0042087 -0.7202009 -0.0190203 0.6934920
177.348600 -8.2471218 0.0015050 7.8057046 -0.0061517 -0.7204386 -0.0166854 0.6932907
177.556900 -8.3438501 0.0027179 7.8010821 -0.0077762 -0.7207325 -0.0158713 0.6929880
177.764900 -8.4402428 0.0044201 7.7958584 -0.0065766 -0.7207930 -0.0151108 0.6929544
177.973600 -8.5377760 0.0062985 7.7909341 -0.0089814 -0.7207016 -0.0176919 0.6929615
178.181400 -8.6333160 0.0080226 7.7867823 -0.0105392 -0.7206721 -0.0158313 0.6930152
178.389700 -8.7269354 0.0092368 7.7817159 -0.0028977 -0.7202110 -0.0114175 0.6936550
178.598000 -8.8216133 0.0100940 7.7778945 -0.0072827 -0.7200600 -0.0144401 0.6937233
178.806200 -8.9155779 0.0118682 7.7731318 -0.0116092 -0.7196983 -0.0177267 0.6939636
179.014500 -9.0064297 0.0133696 7.7691541 -0.0088875 -0.7195918 -0.0126150 0.6942258
179.222700 -9.0973063 0.0139163 7.7655649 -0.0081252 -0.7203220 -0.0071714 0.6935552
179.430800 -9.1883230 0.0152423 7.7620034 -0.0219978 -0.7204162 -0.0144387 0.6930426
179.638900 -9.2768192 0.0182839 7.7576261 -0.0191163 -0.7203172 -0.0157616 0.6932021
179.847200 -9.3631506 0.0197414 7.7531867 -0.0086109 -0.7206525 -0.0098805 0.6931726
180.055500 -9.4487276 0.0206291 7.7483358 -0.0095532 -0.7206363 -0.0122888 0.6931385
180.263700 -9.5331326 0.0223700 7.7443213 -0.0138792 -0.7207960 -0.0197659 0.6927263
180.471900 -9.6158848 0.0244027 7.7406664 -0.0136180 -0.7215552 -0.0188203 0.6919671
180.680200 -9.6957808 0.0260837 7.7366562 -0.0129698 -0.7216741 -0.0164643 0.6919155
180.888400 -9.7755718 0.0280359 7.7326326 -0.0107823 -0.7213625 -0.0138034 0.6923361
181.097200 -9.8534861 0.0290356 7.7288733 -0.0103351 -0.7202114 -0.0149731 0.6935161
181.305100 -9.9306021 0.0302520 7.7252164 -0.0069921 -0.7194808 -0.0134888 0.6943461
181.513300 -10.0063543 0.0309105 7.7218204 -0.0084159 -0.7196571 -0.0152027 0.6941121
181.721500 -10.0810423 0.0321212 7.7183986 -0.0085252 -0.7203044 -0.0160545 0.6934199
181.929700 -10.1539860 0.0334364 7.7142963 -0.0055918 -0.7223918 -0.0164556 0.6912655
182.137800 -10.2275238 0.0343932 7.7099495 -0.0057798 -0.7249743 -0.0188575 0.6884935
182.345900 -10.2982855 0.0353058 7.7044716 -0.0103718 -0.7277869 -0.0173370 0.6855057
182.554000 -10.3695574 0.0362380 7.6993976 -0.0079324 -0.7317695 -0.0142887 0.6813562
182.866400 -10.4751368 0.0372727 7.6899848 -0.0110661 -0.7384188 -0.0158723 0.6740648
183.074700 -10.5444565 0.0389170 7.6827207 -0.0117013 -0.7431170 -0.0162717 0.6688613
183.283100 -10.6126747 0.0401138 7.6737556 -0.0076774 -0.7464867 -0.0151958 0.6651825
183.595900 -10.7135372 0.0413743 7.6597476 -0.0039926 -0.7475269 -0.0226534 0.6638331
183.804500 -10.7796211 0.0429682 7.6509857 -0.0023890 -0.7470379 -0.0254733 0.6642889
184.012900 -10.8454752 0.0442933 7.6421933 -0.0026027 -0.7458947 -0.0285839 0.6654451
184.221600 -10.9088573 0.0458255 7.6344638 0.0026613 -0.7433156 -0.0301000 0.6682580
184.534700 -10.9988356 0.0471926 7.6253543 0.0058830 -0.7318460 -0.0341482 0.6805885
184.743300 -11.0568275 0.0482323 7.6220670 0.0053520 -0.7232882 -0.0333459 0.6897200
184.951900 -11.1127558 0.0490319 7.6206913 0.0044506 -0.7146860 -0.0336409 0.6986217
185.160400 -11.1679392 0.0501246 7.6201210 0.0044349 -0.7050139 -0.0350596 0.7083125
185.786200 -11.3196106 0.0523624 7.6286139 0.0026523 -0.6729786 -0.0316100 0.7389815
185.994600 -11.3673868 0.0530286 7.6345530 0.0037675 -0.6622549 -0.0288035 0.7487153
186.203000 -11.4131603 0.0535994 7.6410127 0.0035299 -0.6511874 -0.0277571 0.7584010
186.515700 -11.4784184 0.0539912 7.6539435 0.0006434 -0.6366801 -0.0271185 0.7706508
186.723900 -11.5193434 0.0544570 7.6628985 0.0001682 -0.6294330 -0.0262546 0.7766111
186.932200 -11.5583897 0.0547489 7.6715131 -0.0021276 -0.6261142 -0.0235249 0.7793735
187.556200 -11.6616249 0.0556714 7.6925106 -0.0073511 -0.6383750 -0.0212324 0.7693976
187.764200 -11.6922970 0.0560831 7.6967840 -0.0083221 -0.6512457 -0.0202192 0.7585519
188.179900 -11.7482252 0.0570782 7.6996870 -0.0120612 -0.6862802 -0.0194367 0.7269775
188.387800 -11.7739525 0.0578369 7.6979880 -0.0120114 -0.7093171 -0.0203935 0.7044920
188.595700 -11.7975359 0.0582154 7.6939096 -0.0088609 -0.7341620 -0.0218758 0.6785640
189.011700 -11.8407984 0.0591326 7.6813383 -0.0061684 -0.7821662 -0.0201783 0.6227125
189.219900 -11.8612633 0.0597207 7.6724772 -0.0037480 -0.8039608 -0.0226213 0.5942401
189.428300 -11.8806763 0.0603797 7.6622353 0.0011375 -0.8242015 -0.0245289 0.5657640
189.636500 -11.8994675 0.0610037 7.6508632 0.0032801 -0.8423703 -0.0293681 0.5380883
190.783200 -11.9932938 0.0645020 7.5745845 -0.0047253 0.9050570 0.0280568 -0.4243376
191.096200 -12.0188713 0.0661379 7.5495033 -0.0034656 0.9161813 0.0197825 -0.4002605
191.304400 -12.0362015 0.0671861 7.5306911 -0.0018419 0.9242455 0.0212392 -0.3812031
191.616900 -12.0612307 0.0680603 7.4991565 0.0040645 0.9381832 0.0234294 -0.3453212
191.825000 -12.0768785 0.0688715 7.4758248 0.0040035 0.9474043 0.0247412 -0.3190564
192.241400 -12.1069336 0.0713779 7.4222031 0.0076716 0.9658161 0.0213963 -0.2582296
192.449700 -12.1200228 0.0730306 7.3900914 0.0036384 0.9740416 0.0197546 -0.2254762
192.657900 -12.1338549 0.0740508 7.3541951 0.0078469 0.9808553 0.0209695 -0.1934465
192.866300 -12.1462326 0.0752847 7.3144870 0.0081095 0.9855920 0.0211873 -0.1676117
193.283700 -12.1726151 0.0790989 7.2210431 0.0097310 0.9896728 0.0226191 -0.1412144
193.492200 -12.1861839 0.0811964 7.1671934 0.0144726 0.9916759 0.0200824 -0.1263572
193.700500 -12.1986694 0.0835459 7.1077447 0.0154699 0.9935890 0.0191969 -0.1103313
193.909100 -12.2102432 0.0861330 7.0421491 0.0185573 0.9950859 0.0214392 -0.0948689
194.117500 -12.2208557 0.0889089 6.9721732 0.0195509 0.9962536 0.0210015 -0.0815808
194.326200 -12.2303791 0.0918371 6.8979139 0.0198310 0.9970083 0.0190742 -0.0722312
194.534900 -12.2391777 0.0945366 6.8193688 0.0193329 0.9973831 0.0201374 -0.0666919
194.743500 -12.2481518 0.0970998 6.7378125 0.0203156 0.9975530 0.0198975 -0.0638698
194.952100 -12.2568007 0.1004948 6.6528563 0.0200614 0.9976590 0.0199623 -0.0622538
195.160600 -12.2662134 0.1033210 6.5624471 0.0226859 0.9976570 0.0214717 -0.0608668
195.369000 -12.2753515 0.1072469 6.4674253 0.0244149 0.9977056 0.0212046 -0.0594794
195.577500 -12.2857342 0.1106111 6.3685660 0.0241214 0.9978786 0.0180368 -0.0577155
195.890200 -12.2981911 0.1156411 6.2097058 0.0237324 0.9979230 0.0216970 -0.0558192
196.202800 -12.3096895 0.1215985 6.0519295 0.0274615 0.9978005 0.0273718 -0.0537670
196.515400 -12.3213825 0.1266416 5.8967342 0.0248507 0.9980946 0.0247009 -0.0507889
196.828000 -12.3315725 0.1313976 5.7435288 0.0229415 0.9982621 0.0259210 -0.0476924
197.140500 -12.3417044 0.1372315 5.5906672 0.0247072 0.9983861 0.0261534 -0.0439394
197.453100 -12.3478098 0.1422522 5.4352698 0.0228383 0.9984927 0.0271463 -0.0418791
197.765600 -12.3513803 0.1471323 5.2822938 0.0214257 0.9985329 0.0272192 -0.0416184
197.973900 -12.3576994 0.1494420 5.1833191 0.0220452 0.9985886 0.0262950 -0.0405394
198.182200 -12.3625317 0.1531509 5.0848107 0.0227565 0.9985607 0.0276255 -0.0399441
198.494500 -12.3674726 0.1579596 4.9368286 0.0215393 0.9986410 0.0275925 -0.0386135
198.702800 -12.3726025 0.1611343 4.8398919 0.0206422 0.9987035 0.0282966 -0.0369391
198.911000 -12.3771200 0.1646051 4.7425838 0.0202402 0.9988201 0.0266956 -0.0351577
199.119200 -12.3824186 0.1678833 4.6448879 0.0195089 0.9988993 0.0256727 -0.0340651
199.327500 -12.3866062 0.1711984 4.5482178 0.0188230 0.9988651 0.0280795 -0.0335523
199.535700 -12.3904276 0.1746490 4.4524269 0.0192864 0.9988839 0.0266398 -0.0339019
199.744000 -12.3948936 0.1775965 4.3580918 0.0179444 0.9988998 0.0246850 -0.0356080
199.952500 -12.3996887 0.1802500 4.2641973 0.0175468 0.9987191 0.0257395 -0.0398710
200.160900 -12.4062977 0.1834602 4.1699862 0.0204852 0.9985329 0.0243495 -0.0438118
200.369200 -12.4135218 0.1859881 4.0752106 0.0230255 0.9982493 0.0277121 -0.0469070
200.577400 -12.4187860 0.1907753 3.9811699 0.0183276 0.9980505 0.0334362 -0.0494108
200.785700 -12.4252453 0.1947875 3.8883748 0.0138967 0.9980661 0.0324803 -0.0511467
200.993900 -12.4320984 0.1984509 3.7961257 0.0158470 0.9982053 0.0257972 -0.0516677
201.202300 -12.4400110 0.2020169 3.7023392 0.0174055 0.9981401 0.0274620 -0.0515674
201.410600 -12.4464912 0.2050599 3.6091759 0.0175762 0.9980016 0.0311815 -0.0520729
201.618900 -12.4530640 0.2092697 3.5164442 0.0160089 0.9979351 0.0319779 -0.0533540
201.827200 -12.4607277 0.2133730 3.4246874 0.0164873 0.9979698 0.0305632 -0.0533887
202.035500 -12.4671755 0.2172859 3.3331776 0.0154637 0.9980095 0.0305714 -0.0529459
202.243800 -12.4736280 0.2211620 3.2416725 0.0150674 0.9980790 0.0314861 -0.0511848
202.452100 -12.4788923 0.2244894 3.1489072 0.0152258 0.9981464 0.0317103 -0.0496625
202.660400 -12.4854918 0.2281003 3.0564892 0.0145190 0.9982429 0.0315776 -0.0479926
202.868700 -12.4907970 0.2319816 2.9637382 0.0131010 0.9983145 0.0314109 -0.0470097
203.077100 -12.4971161 0.2355672 2.8713145 0.0125242 0.9983907 0.0312585 -0.0456289
203.389700 -12.5025921 0.2416151 2.7351661 0.0116212 0.9983756 0.0318465 -0.0457915
203.598100 -12.5077467 0.2460374 2.6445510 0.0111937 0.9983700 0.0309491 -0.0466285
203.806500 -12.5131674 0.2497916 2.5538592 0.0097284 0.9983383 0.0305288 -0.0478962
204.119200 -12.5212793 0.2544809 2.4194844 0.0091122 0.9980350 0.0317719 -0.0532326
204.327700 -12.5263348 0.2578752 2.3330953 0.0097765 0.9978282 0.0314312 -0.0570547
204.536200 -12.5339804 0.2614801 2.2468700 0.0103802 0.9976773 0.0309855 -0.0597674
204.848800 -12.5442114 0.2670222 2.1194057 0.0104355 0.9974576 0.0310181 -0.0633025
205.057100 -12.5524969 0.2707781 2.0343399 0.0103953 0.9973438 0.0308115 -0.0651755
205.265300 -12.5616331 0.2743274 1.9497931 0.0108621 0.9972759 0.0300986 -0.0664590
205.473600 -12.5700645 0.2780815 1.8662977 0.0118361 0.9972306 0.0309498 -0.0665815
205.681700 -12.5769463 0.2808846 1.7837936 0.0139834 0.9973723 0.0310399 -0.0639485
205.889700 -12.5840120 0.2838275 1.7010866 0.0145089 0.9977770 0.0311476 -0.0570989
206.097700 -12.5890989 0.2876607 1.6181012 0.0148039 0.9982340 0.0314417 -0.0481788
206.305800 -12.5936298 0.2917575 1.5360640 0.0149871 0.9986530 0.0321345 -0.0378807
206.513700 -12.5981655 0.2952912 1.4532853 0.0161086 0.9990488 0.0307876 -0.0263486
206.929800 -12.5960741 0.3028781 1.2915432 0.0194046 0.9993601 0.0299846 0.0019043
207.137600 -12.5924463 0.3064675 1.2096527 0.0203923 0.9991857 0.0276338 0.0211769
207.345600 -12.5851097 0.3092028 1.1270672 0.0194260 0.9985635 0.0277789 0.0414969
207.553700 -12.5736389 0.3121188 1.0443414 0.0196285 0.9974712 0.0276258 0.0624726
207.761600 -12.5593748 0.3149942 0.9606517 0.0202161 0.9958313 0.0265380 0.0848948
207.969500 -12.5410042 0.3180269 0.8762367 0.0201447 0.9936242 0.0240032 0.1083011
208.177600 -12.5183573 0.3200240 0.7909473 0.0201703 0.9907773 0.0241081 0.1318041
208.385700 -12.4910297 0.3223128 0.7062406 0.0206122 0.9873127 0.0252489 0.1554068
208.593700 -12.4593525 0.3244230 0.6231060 0.0223458 0.9832630 0.0245766 0.1791383
208.802200 -12.4231529 0.3265561 0.5397506 0.0219573 0.9787885 0.0245976 0.2022026
209.010200 -12.3824730 0.3284312 0.4562075 0.0211536 0.9743163 0.0222632 0.2230799
209.218200 -12.3376350 0.3300262 0.3733363 0.0204971 0.9696183 0.0203109 0.2429149
209.426600 -12.2885513 0.3313619 0.2902862 0.0191963 0.9655423 0.0192849 0.2588199
209.635200 -12.2364798 0.3326247 0.2073610 0.0158816 0.9627005 0.0185819 0.2694630
209.843700 -12.1822329 0.3337504 0.1237414 0.0143656 0.9610628 0.0176193 0.2753932
210.156700 -12.0985765 0.3346793 -0.0009279 0.0142251 0.9599597 0.0148507 0.2793823
210.469100 -12.0156069 0.3348435 -0.1262533 0.0133967 0.9594631 0.0156074 0.2810828
210.677500 -11.9599895 0.3351517 -0.2106248 0.0123315 0.9597185 0.0152932 0.2802758
210.990100 -11.8782129 0.3349760 -0.3361195 0.0096900 0.9615986 0.0157533 0.2738360
211.302700 -11.7979450 0.3356216 -0.4615697 0.0084408 0.9644067 0.0159215 0.2638087
211.615300 -11.7245770 0.3366672 -0.5868067 0.0079287 0.9677095 0.0162679 0.2514177
211.823900 -11.6771860 0.3375235 -0.6718439 0.0096697 0.9697686 0.0174735 0.2432078
212.031900 -11.6319532 0.3382116 -0.7561249 0.0145668 0.9708278 0.0182518 0.2386380
212.344200 -11.5658541 0.3396415 -0.8809925 0.0167307 0.9715011 0.0195529 0.2356341
212.552400 -11.5231190 0.3402883 -0.9624217 0.0193212 0.9718429 0.0200879 0.2339755
212.864600 -11.4589701 0.3414053 -1.0843145 0.0227273 0.9721757 0.0204487 0.2322496
213.072700 -11.4174004 0.3423416 -1.1644622 0.0238073 0.9722793 0.0209384 0.2316633
213.280800 -11.3770561 0.3432643 -1.2440953 0.0255639 0.9723669 0.0221544 0.2309939
213.489000 -11.3372393 0.3441384 -1.3230122 0.0263354 0.9724548 0.0227949 0.2304743
213.593100 -11.3170624 0.3447383 -1.3624347 0.0261534 0.9725607 0.0227244 0.2300549
213.801100 -11.2779169 0.3454637 -1.4396064 0.0267218 0.9720763 0.0238018 0.2319205
214.009100 -11.2393341 0.3464950 -1.5135216 0.0274838 0.9709196 0.0254711 0.2364550
214.217100 -11.2014790 0.3473243 -1.5846788 0.0288516 0.9692087 0.0246534 0.2432989
214.425200 -11.1646118 0.3482024 -1.6503876 0.0285702 0.9674737 0.0243864 0.2501672
214.633200 -11.1300278 0.3487613 -1.7113844 0.0277387 0.9657235 0.0249855 0.2568744
214.841300 -11.0973625 0.3496628 -1.7686253 0.0267587 0.9641044 0.0233337 0.2631391
215.052500 -11.0655384 0.3502971 -1.8215359 0.0262307 0.9625707 0.0230938 0.2687680
215.257800 -11.0340834 0.3507450 -1.8728759 0.0263577 0.9607142 0.0235323 0.2752813
215.466200 -11.0038233 0.3511672 -1.9201876 0.0271429 0.9580684 0.0234874 0.2842824
215.674000 -10.9735012 0.3524941 -1.9663627 0.0276722 0.9544989 0.0216054 0.2961405
215.882200 -10.9442921 0.3534776 -2.0099134 0.0274534 0.9501890 0.0194967 0.3098500
216.923100 -10.7761564 0.3559179 -2.2317207 0.0244047 0.9072980 0.0121648 0.4196030
217.130700 -10.7532997 0.3547728 -2.2478111 0.0227080 0.8971421 0.0084000 0.4410782
217.339000 -10.7305536 0.3538038 -2.2618535 0.0230345 0.8865597 0.0050008 0.4620133
217.859600 -10.6697712 0.3514192 -2.2896843 0.0153051 0.8516997 0.0040619 0.5237910
218.172000 -10.6333532 0.3502072 -2.3011053 0.0121739 0.8285881 0.0008814 0.5597256
218.380200 -10.6069508 0.3495813 -2.3078892 0.0120089 0.8112895 -0.0007680 0.5845207
218.692600 -10.5641823 0.3481442 -2.3162563 0.0143006 0.7834108 -0.0016135 0.6213376
219.317300 -10.4596577 0.3442879 -2.3217204 0.0167975 0.7218341 -0.0064167 0.6918325
219.525600 -10.4186993 0.3428219 -2.3199000 0.0142135 0.7009147 -0.0064864 0.7130740
219.735500 -10.3735027 0.3411803 -2.3159063 0.0140086 0.6820466 -0.0037175 0.7311651
220.151400 -10.2704992 0.3378480 -2.3006887 0.0136042 0.6481379 -0.0029531 0.7613958
220.359200 -10.2126808 0.3365057 -2.2879221 0.0134751 0.6287791 0.0005262 0.7774670
220.567600 -10.1519680 0.3348684 -2.2720385 0.0132884 0.6077367 0.0076784 0.7939903
220.775800 -10.0890646 0.3334001 -2.2512519 0.0156363 0.5847694 0.0117562 0.8109637
221.088500 -9.9904461 0.3301722 -2.2124877 0.0254814 0.5491523 0.0145862 0.8352063
221.296900 -9.9215727 0.3276017 -2.1792679 0.0229416 0.5293388 0.0151156 0.8479656
221.505700 -9.8497467 0.3256021 -2.1421740 0.0204923 0.5134392 0.0148673 0.8577524
221.818800 -9.7378702 0.3213678 -2.0786088 0.0186641 0.5001566 0.0091237 0.8656857
222.027700 -9.6601114 0.3186736 -2.0343962 0.0156686 0.4981248 0.0068212 0.8669369
222.341000 -9.5391531 0.3134731 -1.9671837 0.0170381 0.4987645 0.0042880 0.8665594
222.549900 -9.4547157 0.3103745 -1.9200017 0.0153921 0.4993750 0.0045161 0.8662374
222.758100 -9.3694572 0.3073860 -1.8718778 0.0129164 0.5006411 0.0047134 0.8655457
222.966600 -9.2814579 0.3048917 -1.8234669 0.0132663 0.5020927 0.0028355 0.8647074
223.279400 -9.1461506 0.2999383 -1.7505325 0.0129453 0.5058014 -0.0008517 0.8625524
223.488000 -9.0518646 0.2966008 -1.6996530 0.0081238 0.5096135 -0.0007298 0.8603647
223.696300 -8.9564934 0.2934634 -1.6490077 0.0085686 0.5148145 0.0000484 0.8572588
223.904700 -8.8603601 0.2905779 -1.6014291 0.0091288 0.5195608 0.0021046 0.8543821
224.113300 -8.7620459 0.2873674 -1.5552717 0.0085826 0.5242543 0.0048214 0.8515049
224.321300 -8.6601391 0.2847162 -1.5086772 0.0099139 0.5298722 0.0031134 0.8480138
224.529600 -8.5586252 0.2809252 -1.4628409 0.0094484 0.5361732 0.0026452 0.8440509
224.737700 -8.4565973 0.2783361 -1.4185885 0.0086458 0.5420057 0.0038819 0.8403214
224.945800 -8.3531952 0.2753139 -1.3743438 0.0063196 0.5471034 0.0042007 0.8370306
225.153800 -8.2512798 0.2720694 -1.3318326 0.0041948 0.5502896 0.0046471 0.8349504
225.361700 -8.1511621 0.2696466 -1.2908083 0.0123806 0.5509815 0.0051477 0.8344097
225.569800 -8.0501785 0.2662562 -1.2489733 0.0117754 0.5508462 0.0070973 0.8344935
225.777700 -7.9496365 0.2632477 -1.2073611 0.0094354 0.5513995 0.0064888 0.8341627
225.986100 -7.8488383 0.2604051 -1.1659188 0.0114781 0.5513585 0.0061821 0.8341666
226.193900 -7.7486534 0.2565940 -1.1252534 0.0162273 0.5513721 0.0059787 0.8340802
226.401900 -7.6469522 0.2530451 -1.0837642 0.0161620 0.5513959 0.0065972 0.8340611
226.610000 -7.5451174 0.2493711 -1.0413151 0.0153748 0.5517940 0.0080569 0.8337998
226.818100 -7.4439936 0.2455114 -1.0007285 0.0165710 0.5516523 0.0077510 0.8338735
227.026100 -7.3420124 0.2414452 -0.9593573 0.0165677 0.5517461 0.0078070 0.8338110
227.234600 -7.2393317 0.2382387 -0.9179952 0.0136694 0.5518103 0.0088305 0.8338109
227.442300 -7.1387072 0.2348732 -0.8776204 0.0152113 0.5504802 0.0095214 0.8346553
227.650500 -7.0390344 0.2314425 -0.8386349 0.0171153 0.5480838 0.0091461 0.8361983
227.858600 -6.9411483 0.2277719 -0.7990677 0.0161574 0.5461167 0.0103435 0.8374894
228.066700 -6.8450375 0.2236640 -0.7603268 0.0164004 0.5444720 0.0078643 0.8385817
228.275000 -6.7492757 0.2200070 -0.7198519 0.0116463 0.5462343 0.0063209 0.8375276
228.483200 -6.6552095 0.2170929 -0.6810679 0.0070681 0.5513176 0.0039767 0.8342561
228.691700 -6.5620327 0.2142016 -0.6444381 0.0098848 0.5590460 -0.0028716 0.8290727
228.900100 -6.4668407 0.2104211 -0.6098064 0.0062150 0.5675875 -0.0023534 0.8232863
229.109100 -6.3708901 0.2077921 -0.5771689 0.0060167 0.5752941 -0.0013486 0.8179234
229.316600 -6.2741122 0.2043725 -0.5446085 0.0097545 0.5804526 -0.0013483 0.8142345
229.524700 -6.1767936 0.2011737 -0.5129259 0.0075896 0.5837955 0.0033003 0.8118586
229.733000 -6.0803418 0.1981974 -0.4823904 0.0115550 0.5874147 -0.0005377 0.8092034
229.941100 -5.9834704 0.1945267 -0.4519540 0.0106086 0.5904860 -0.0032353 0.8069717
230.149200 -5.8867698 0.1910326 -0.4224590 0.0087570 0.5914831 -0.0005410 0.8062696
230.357400 -5.7900929 0.1883763 -0.3928153 0.0047706 0.5920998 -0.0013888 0.8058493
230.565700 -5.6946864 0.1853551 -0.3632246 0.0027582 0.5953183 -0.0066593 0.8034576
230.774000 -5.5992255 0.1815398 -0.3349989 0.0085484 0.5999828 -0.0118317 0.7998797
230.982300 -5.5025334 0.1774140 -0.3089215 0.0087718 0.6053559 -0.0076189 0.7958702
231.190900 -5.4050927 0.1735874 -0.2832765 0.0077892 0.6118819 -0.0058198 0.7908894
231.399400 -5.3082037 0.1698064 -0.2599232 0.0078377 0.6186164 -0.0051962 0.7856369
231.607700 -5.2108297 0.1660627 -0.2376473 0.0091055 0.6249729 -0.0043418 0.7805812
231.815900 -5.1125627 0.1629892 -0.2165287 0.0089563 0.6304440 -0.0022077 0.7761800
232.024100 -5.0142217 0.1594931 -0.1973252 0.0090143 0.6352887 -0.0006678 0.7722218
232.232300 -4.9169030 0.1561036 -0.1795736 0.0122524 0.6377334 0.0013119 0.7701586
232.440500 -4.8176785 0.1523116 -0.1616508 0.0140677 0.6394293 0.0025293 0.7687170
232.651700 -4.7185516 0.1483041 -0.1434798 0.0110668 0.6416259 0.0056054 0.7669174
232.856900 -4.6194220 0.1452129 -0.1260101 0.0122250 0.6439486 0.0064016 0.7649444
233.065000 -4.5213194 0.1422706 -0.1091788 0.0127442 0.6459848 0.0077757 0.7632043
233.273100 -4.4215012 0.1392989 -0.0930100 0.0126384 0.6474257 0.0083950 0.7619776
233.585300 -4.2741804 0.1348935 -0.0688205 0.0127353 0.6496112 0.0065167 0.7601320
233.793200 -4.1755733 0.1322588 -0.0537543 0.0120424 0.6509833 0.0089369 0.7589439
234.001200 -4.0797110 0.1293285 -0.0399830 0.0136649 0.6518150 0.0099249 0.7581899
234.313200 -3.9372137 0.1255235 -0.0197905 0.0155825 0.6538180 0.0108775 0.7564132
234.521300 -3.8411391 0.1226958 -0.0060145 0.0130616 0.6551014 0.0119065 0.7553343
234.729300 -3.7471311 0.1202696 0.0069115 0.0145205 0.6566028 0.0104928 0.7540237
234.937900 -3.6536851 0.1179974 0.0191964 0.0161348 0.6580979 0.0095753 0.7526987
235.145400 -3.5606318 0.1151840 0.0319069 0.0173763 0.6605267 0.0079625 0.7505592
235.353500 -3.4686491 0.1120359 0.0439718 0.0145733 0.6629197 0.0075044 0.7485111
235.561500 -3.3756249 0.1091600 0.0547355 0.0140750 0.6645569 0.0073026 0.7470694
235.769400 -3.2829692 0.1055965 0.0658923 0.0171789 0.6661689 0.0067142 0.7455728
235.977600 -3.1914940 0.1025470 0.0752078 0.0175241 0.6674790 0.0076563 0.7443830
236.185900 -3.1020913 0.0995365 0.0849116 0.0172914 0.6689864 0.0094726 0.7430131
236.394600 -3.0135422 0.0966692 0.0943664 0.0169106 0.6704648 0.0099679 0.7416817
236.601800 -2.9260538 0.0936007 0.1030068 0.0187246 0.6717116 0.0098135 0.7405111
236.809900 -2.8396132 0.0907530 0.1115072 0.0195167 0.6726296 0.0096546 0.7396589
237.018000 -2.7569618 0.0875466 0.1192884 0.0183957 0.6735700 0.0108309 0.7388151
237.226100 -2.6760347 0.0845858 0.1268930 0.0186046 0.6745508 0.0100780 0.7379252
237.434200 -2.5977137 0.0819898 0.1339156 0.0174062 0.6752437 0.0117295 0.7372960
237.642300 -2.5221157 0.0798064 0.1406846 0.0145129 0.6760435 0.0159681 0.7365457
237.850500 -2.4487646 0.0780881 0.1469936 0.0143962 0.6770009 0.0174614 0.7356341
238.058700 -2.3786364 0.0765802 0.1531239 0.0154341 0.6779538 0.0151197 0.7347869
238.266900 -2.3117211 0.0745859 0.1591156 0.0169893 0.6788127 0.0128555 0.7340024
238.475100 -2.2471421 0.0730723 0.1637836 0.0173561 0.6786318 0.0138811 0.7341423
238.787500 -2.1572590 0.0700874 0.1710095 0.0156126 0.6772391 0.0154450 0.7354351
241.807300 -1.6714436 0.0525143 0.2083170 0.0188102 0.6330610 0.0058275 0.7738514
249.624000 -1.6460254 0.0513738 0.2157364 0.0205880 0.6215075 0.0036428 0.7831292
250.248700 -1.6301595 0.0506236 0.2215872 0.0238957 0.6067826 -0.0013365 0.7945074
250.664600 -1.6023111 0.0493410 0.2332367 0.0230857 0.5739055 -0.0011817 0.8185952
251.599000 -1.4994478 0.0449181 0.3033264 0.0107575 0.4179707 -0.0040239 0.9083879
251.806700 -1.4701846 0.0435096 0.3312560 0.0120039 0.3707607 -0.0052845 0.9286358
252.014500 -1.4417025 0.0419305 0.3653203 0.0098373 0.3220732 -0.0054398 0.9466480
252.222500 -1.4159338 0.0404388 0.4062243 0.0063401 0.2746996 -0.0044336 0.9614990
252.639000 -1.3708991 0.0380199 0.5059633 0.0046643 0.1861418 -0.0045549 0.9825013
252.743200 -1.3607951 0.0376527 0.5346459 0.0048705 0.1669037 -0.0030039 0.9859566
252.847500 -1.3514099 0.0367019 0.5653114 0.0058288 0.1484978 -0.0009711 0.9888951
253.056000 -1.3352112 0.0353319 0.6303584 0.0075945 0.1129576 0.0067847 0.9935476
254.934000 -1.3233376 0.0132193 1.4343286 0.0070711 -0.0139743 -0.0053331 0.9998631
255.351000 -1.3308634 0.0079325 1.6525164 0.0028495 -0.0171947 -0.0048746 0.9998362
255.767800 -1.3404810 0.0028908 1.8713199 0.0030014 -0.0207833 -0.0058875 0.9997622
256.184500 -1.3516536 -0.0028632 2.0870657 0.0015061 -0.0236543 -0.0066659 0.9996969
256.601100 -1.3632762 -0.0077422 2.2999780 0.0039346 -0.0244461 -0.0070683 0.9996684
257.017700 -1.3746827 -0.0139372 2.5102570 0.0046390 -0.0245178 -0.0041552 0.9996800
257.434100 -1.3858223 -0.0182234 2.7197220 0.0022601 -0.0245167 0.0010607 0.9996963
257.954800 -1.4006224 -0.0257032 2.9763079 0.0055882 -0.0236440 -0.0051643 0.9996915
258.371300 -1.4117246 -0.0315289 3.1798952 0.0028561 -0.0244069 -0.0034809 0.9996920
258.892000 -1.4261683 -0.0380235 3.4297235 0.0055059 -0.0261533 -0.0029127 0.9996386
259.412800 -1.4417449 -0.0434756 3.6765513 0.0027327 -0.0276665 -0.0049027 0.9996015
259.933500 -1.4559109 -0.0491372 3.9161344 0.0020184 -0.0298267 -0.0032748 0.9995477
260.454200 -1.4705304 -0.0548462 4.1556907 0.0027202 -0.0277931 -0.0026744 0.9996064
260.870800 -1.4823250 -0.0587442 4.3473339 0.0029642 -0.0249389 -0.0042156 0.9996757
261.391700 -1.4957300 -0.0658721 4.5814443 0.0044209 -0.0193833 -0.0042390 0.9997934
261.808300 -1.5049475 -0.0708443 4.7692657 0.0112101 -0.0143017 -0.0007806 0.9998346
262.329100 -1.5098788 -0.0811895 5.0124431 0.0099756 -0.0153623 -0.0048926 0.9998202
262.641500 -1.5020530 -0.0853800 5.1394787 0.0018225 -0.0205965 -0.0038499 0.9997788
262.954000 -1.5062873 -0.0874050 5.2870007 -0.0007053 -0.0246748 -0.0023635 0.9996925
263.266600 -1.5129948 -0.0906748 5.4383750 0.0108515 -0.0269764 0.0009206 0.9995767
263.579100 -1.5244342 -0.0961901 5.5948887 0.0103607 -0.0281961 0.0012516 0.9995480
263.787300 -1.5309697 -0.0996282 5.7004576 0.0072908 -0.0297764 0.0011211 0.9995294
263.995700 -1.5388451 -0.1029459 5.8082280 0.0096880 -0.0313780 -0.0000911 0.9994606
264.204000 -1.5475863 -0.1064661 5.9167480 0.0058845 -0.0332812 -0.0007714 0.9994284
264.412200 -1.5566157 -0.1098877 6.0262804 0.0047013 -0.0352275 -0.0013084 0.9993674
264.620500 -1.5667616 -0.1134457 6.1334982 0.0051937 -0.0365167 -0.0019753 0.9993176
264.828700 -1.5772001 -0.1167926 6.2438149 0.0041764 -0.0375337 -0.0034322 0.9992808
265.037100 -1.5884240 -0.1202470 6.3526621 0.0049285 -0.0372684 -0.0039155 0.9992855
265.245300 -1.5997584 -0.1232587 6.4587793 0.0055969 -0.0367990 -0.0038230 0.9992997
265.453600 -1.6083651 -0.1263979 6.5627737 0.0011967 -0.0386589 -0.0027618 0.9992479
265.661800 -1.6181229 -0.1293466 6.6661215 0.0015978 -0.0407370 -0.0032171 0.9991634
265.870100 -1.6340101 -0.1321925 6.7712522 0.0051702 -0.0400941 -0.0044378 0.9991727
266.078300 -1.6375066 -0.1360115 6.8693480 0.0036737 -0.0401677 -0.0042854 0.9991770
266.286700 -1.6467048 -0.1386976 6.9654665 0.0033412 -0.0381851 -0.0047212 0.9992539
266.495100 -1.6555761 -0.1418496 7.0595660 0.0031798 -0.0365542 -0.0054164 0.9993119
266.703500 -1.6638789 -0.1451738 7.1556482 0.0027382 -0.0350508 -0.0064206 0.9993612
266.911700 -1.6723294 -0.1485589 7.2502084 0.0042451 -0.0336775 -0.0068864 0.9994000
267.120100 -1.6827624 -0.1517665 7.3455410 0.0061636 -0.0305861 -0.0091838 0.9994709
267.328500 -1.6902708 -0.1553748 7.4392972 0.0067661 -0.0288837 -0.0062624 0.9995403
267.536900 -1.7035229 -0.1592337 7.5287457 0.0044688 -0.0250591 -0.0066404 0.9996539
267.745200 -1.7053018 -0.1625597 7.6141253 0.0104810 -0.0247191 -0.0107579 0.9995816
267.953500 -1.6920987 -0.1627972 7.6912222 0.0119589 -0.0299651 -0.0153696 0.9993612
268.161700 -1.6961536 -0.1682533 7.7804923 0.0098154 -0.0320133 -0.0140345 0.9993407
268.370100 -1.6904886 -0.1687747 7.8767014 0.0074757 -0.0364507 -0.0082291 0.9992736
268.578500 -1.6940931 -0.1703208 7.9688325 -0.0004056 -0.0378307 -0.0060610 0.9992657
268.786700 -1.6715620 -0.1683345 8.0761642 -0.0008742 -0.0486357 -0.0006121 0.9988160
269.411800 -1.7415861 -0.1783951 8.4321747 0.0089265 -0.0396488 -0.0027264 0.9991701
270.036700 -1.7846578 -0.1895394 8.7717419 0.0066459 -0.0370480 -0.0041273 0.9992828
270.557500 -1.8196229 -0.1995117 9.0599041 0.0075320 -0.0333031 -0.0031320 0.9994120
271.078200 -1.8924896 -0.2037563 9.3298531 0.0073899 -0.0247572 -0.0039042 0.9996585
271.598900 -1.9593468 -0.2071202 9.6243563 0.0047420 -0.0142091 -0.0063104 0.9998679
272.119600 -1.9519856 -0.2217584 9.9003716 0.0070529 -0.0180704 -0.0039004 0.9998043
272.536200 -1.9542166 -0.2282901 10.0941677 0.0078725 -0.0199560 -0.0025098 0.9997667
272.953000 -1.9577687 -0.2353805 10.2844772 0.0068996 -0.0192639 0.0000359 0.9997906
273.369900 -1.9610057 -0.2419477 10.4732761 0.0072318 -0.0175811 0.0032373 0.9998140
273.786700 -1.9654943 -0.2493242 10.6624441 0.0160196 -0.0155800 0.0054195 0.9997356
274.203200 -1.9718322 -0.2578883 10.8514395 0.0165345 -0.0274277 0.0035861 0.9994806
274.515600 -1.9786081 -0.2605960 10.9631824 0.0031759 -0.0396462 -0.0004650 0.9992086
274.828200 -1.9918344 -0.2625533 11.1000509 0.0041131 -0.0461982 -0.0041407 0.9989153
275.141200 -2.0045125 -0.2653260 11.2464666 0.0080669 -0.0424622 -0.0017594 0.9990640
275.454100 -2.0164084 -0.2707029 11.3932199 0.0123870 -0.0400589 0.0035109 0.9991143
275.662600 -2.0244946 -0.2744164 11.4953308 0.0128889 -0.0387986 0.0029050 0.9991597
275.871100 -2.0333800 -0.2777156 11.6006861 0.0094225 -0.0378148 0.0013998 0.9992393
276.079600 -2.0416563 -0.2811002 11.7074108 0.0088455 -0.0368558 0.0039073 0.9992738
276.288000 -2.0497987 -0.2845525 11.8163967 0.0127592 -0.0366956 0.0055888 0.9992294
276.496500 -2.0583403 -0.2889499 11.9275093 0.0126941 -0.0362972 0.0052753 0.9992465
276.704900 -2.0671718 -0.2930825 12.0397377 0.0077160 -0.0359636 0.0047990 0.9993117
276.913100 -2.0758653 -0.2970252 12.1512423 0.0064534 -0.0356628 0.0033336 0.9993374
277.121500 -2.0847437 -0.3012574 12.2622881 0.0077762 -0.0354711 0.0013512 0.9993395
277.329900 -2.0932074 -0.3048094 12.3718691 0.0106181 -0.0352026 0.0024871 0.9993207
277.538200 -2.1007414 -0.3083527 12.4800882 0.0101551 -0.0350450 0.0054576 0.9993192
277.746600 -2.1081772 -0.3123218 12.5871735 0.0059258 -0.0347429 0.0045700 0.9993683
277.954900 -2.1167271 -0.3158830 12.6949348 0.0091338 -0.0342824 0.0013336 0.9993695
278.163200 -2.1257555 -0.3199375 12.7995596 0.0090521 -0.0333379 -0.0014400 0.9994020
278.371500 -2.1334469 -0.3235752 12.9031086 0.0069916 -0.0341290 -0.0001217 0.9993929
278.579900 -2.1419184 -0.3274791 13.0034876 0.0053267 -0.0350799 0.0005365 0.9993701
278.788100 -2.1498275 -0.3304580 13.1018400 0.0076039 -0.0363369 0.0002458 0.9993106
278.996200 -2.1580634 -0.3338101 13.1976767 0.0067426 -0.0376361 -0.0003652 0.9992687
279.204500 -2.1653576 -0.3372416 13.2900448 0.0015818 -0.0390167 -0.0006125 0.9992371
279.412800 -2.1729088 -0.3398316 13.3789673 0.0014519 -0.0397293 -0.0009872 0.9992089
279.621000 -2.1808181 -0.3422030 13.4655972 0.0061735 -0.0401254 -0.0009007 0.9991751
279.829400 -2.1879163 -0.3451756 13.5524206 0.0061535 -0.0406095 -0.0001760 0.9991561
280.037700 -2.1954021 -0.3476525 13.6394491 0.0058977 -0.0399844 -0.0011964 0.9991821
280.246100 -2.2027407 -0.3507835 13.7251625 0.0104205 -0.0378949 -0.0041081 0.9992189
280.454600 -2.2096057 -0.3540218 13.8109407 0.0141725 -0.0355567 -0.0066834 0.9992447
280.663000 -2.2156184 -0.3578187 13.8972454 0.0136534 -0.0328734 -0.0092017 0.9993238
280.871400 -2.2214963 -0.3615336 13.9840813 0.0120813 -0.0296036 -0.0076048 0.9994597
281.184000 -2.2289164 -0.3669563 14.1156635 0.0101164 -0.0249435 -0.0064792 0.9996166
281.392400 -2.2333360 -0.3696525 14.2047815 0.0074369 -0.0214690 -0.0075200 0.9997135
281.600700 -2.2379317 -0.3725611 14.2954416 0.0090624 -0.0173757 -0.0093436 0.9997643
281.809300 -2.2406499 -0.3749973 14.3879213 0.0094926 -0.0134717 -0.0078481 0.9998333
282.017600 -2.2424223 -0.3781459 14.4820242 0.0098225 -0.0096476 -0.0057252 0.9998888
282.226000 -2.2441919 -0.3817338 14.5775938 0.0173503 -0.0056931 -0.0050928 0.9998202
282.434500 -2.2453523 -0.3860643 14.6751776 0.0121943 -0.0013509 -0.0059563 0.9999070
282.642900 -2.2451098 -0.3898816 14.7741642 0.0135106 0.0028646 -0.0056734 0.9998885
282.851200 -2.2447703 -0.3942190 14.8728123 0.0168879 0.0071476 -0.0057281 0.9998153
283.163700 -2.2416077 -0.4017152 15.0255938 0.0148150 0.0134217 -0.0061674 0.9997811
283.372200 -2.2389991 -0.4055842 15.1294584 0.0111312 0.0176963 -0.0053704 0.9997669
283.580600 -2.2351046 -0.4093934 15.2344742 0.0108119 0.0211410 -0.0032040 0.9997128
283.788900 -2.2312989 -0.4137994 15.3401031 0.0147974 0.0226394 -0.0022482 0.9996315
283.997100 -2.2268708 -0.4179499 15.4484034 0.0153963 0.0236403 -0.0028984 0.9995977
284.309500 -2.2197356 -0.4252340 15.6108999 0.0138084 0.0240878 -0.0010578 0.9996138
284.517700 -2.2151818 -0.4299041 15.7210827 0.0147787 0.0236482 -0.0002333 0.9996110
284.726000 -2.2105658 -0.4351776 15.8324184 0.0118079 0.0233087 0.0003956 0.9996583
284.934100 -2.2063866 -0.4397150 15.9431400 0.0087696 0.0224480 0.0011834 0.9997087
285.142400 -2.2022498 -0.4437974 16.0528545 0.0108811 0.0216282 0.0013734 0.9997058
285.350500 -2.1987448 -0.4484088 16.1622143 0.0118149 0.0204605 -0.0002096 0.9997207
285.558700 -2.1952562 -0.4530851 16.2703552 0.0110013 0.0192423 -0.0007416 0.9997539
285.766900 -2.1926522 -0.4579630 16.3776493 0.0116243 0.0180671 -0.0023542 0.9997663
285.975100 -2.1901689 -0.4625673 16.4843388 0.0110092 0.0166091 -0.0031530 0.9997963
286.183400 -2.1882095 -0.4668564 16.5898209 0.0136168 0.0145464 -0.0023218 0.9997987
286.391500 -2.1861696 -0.4717674 16.6943893 0.0137513 0.0123995 0.0011546 0.9998277
286.599700 -2.1846986 -0.4760969 16.7990170 0.0040042 0.0111783 0.0002274 0.9999294
286.808100 -2.1836627 -0.4791230 16.9015102 0.0045772 0.0106336 -0.0034930 0.9999267
287.016400 -2.1829193 -0.4825155 17.0023365 0.0114641 0.0099495 -0.0080310 0.9998524
287.328700 -2.1826770 -0.4883212 17.1527557 0.0074296 0.0092420 -0.0121801 0.9998554
287.537000 -2.1817956 -0.4919928 17.2523460 0.0073852 0.0074784 -0.0132480 0.9998569
