1305031102.175304 0.0000000 0.0000000 0.0000000 0.0000000 0.0000000 0.0000000 1.0000000
1305031103.411260 -0.0120375 0.0471803 0.2414563 -0.0800115 -0.0384664 0.0149258 0.9959396
1305031104.911534 0.0132693 -0.0256679 -0.0656522 0.0913716 0.0294929 0.0079115 0.9953486
1305031104.975202 0.0123730 -0.0191048 -0.0621369 0.0927577 0.0296472 0.0093891 0.9952030
1305031105.043373 0.0118656 -0.0148546 -0.0534036 0.0830553 0.0287190 0.0085753 0.9960941
1305031106.443278 -0.0080500 0.0374334 0.2574420 -0.0914614 0.0045020 0.0104269 0.9957439
1305031106.643207 -0.0105019 0.0246297 0.2243627 -0.0846275 -0.0105194 0.0013552 0.9963562
1305031108.843264 0.2120110 -0.0056997 0.0549045 -0.0225206 0.0919471 0.0394512 0.9947272
1305031110.943862 -0.2053557 0.0262614 0.0494257 -0.0928709 -0.1078301 -0.0771450 0.9868112
1305031112.779310 0.2191322 0.0045420 0.0604895 -0.0149571 0.0870184 0.0498258 0.9948475
1305031112.879421 0.2086199 0.0077677 0.0637528 -0.0212704 0.0811835 0.0484397 0.9952942
1305031113.179343 0.1518915 0.0025027 0.0590992 -0.0372070 0.0554720 0.0334582 0.9972056
1305031114.743200 -0.2365511 0.0040092 0.0729116 -0.0374150 -0.0901693 -0.0664816 0.9930004
1305031114.843208 -0.2341444 0.0066415 0.0708365 -0.0341422 -0.0928604 -0.0732150 0.9923965
1305031122.214959 -0.0402552 -0.0970912 0.1397311 -0.0214334 -0.0419156 -0.0200884 0.9986892
1305031123.711323 -0.0360749 0.1911436 0.0596250 -0.1262410 -0.0120602 0.0108444 0.9918670
1305031123.811608 -0.0340989 0.1980711 0.0575409 -0.1302245 -0.0119670 0.0155285 0.9912907
1305031123.911243 -0.0340905 0.1981524 0.0571572 -0.1264571 -0.0146066 0.0180248 0.9917007
1305031125.751260 -0.0397364 -0.1024245 0.1508010 -0.0166694 -0.0435435 -0.0169586 0.9987685
1305031127.747304 -0.0270813 0.0890635 0.1045829 -0.0860034 -0.0556506 0.0066253 0.9947173
1305031128.147418 -0.0277081 0.0827328 0.1123206 -0.0903431 -0.0583819 0.0081821 0.9941643
1305031128.647352 -0.0301282 0.0747612 0.1123809 -0.0859030 -0.0590582 0.0022878 0.9945489
