1341839845.462023 0.0000000 0.0000000 0.0000000 0.0000000 0.0000000 0.0000000 1.0000000
1341839847.073971 0.0050437 -0.0302001 0.0398484 -0.0097557 -0.0148597 -0.0314786 0.9993463
1341839847.137970 -0.0041311 -0.0431435 0.0477595 -0.0144099 -0.0114163 -0.0293172 0.9994011
1341839850.422122 0.0377767 -0.3388859 0.3178852 -0.0318291 0.0018146 0.0121217 0.9994182
1341839850.558165 0.0355170 -0.3507091 0.3286024 -0.0343981 0.0022616 0.0108112 0.9993472
1341839851.568942 0.0650667 -0.4525714 0.4042046 -0.0201220 0.0008586 0.0011160 0.9997965
1341839854.017422 0.0868506 -0.6764990 0.5911227 -0.0093910 -0.0053685 0.0106206 0.9998851
1341839854.713930 0.0974398 -0.7317237 0.6398618 -0.0233294 0.0018438 0.0194196 0.9995375
1341839854.982075 0.1083985 -0.7643948 0.6622527 -0.0199388 0.0067716 0.0356059 0.9991440
1341839856.121800 0.1028439 -0.8896618 0.7603918 -0.0699343 -0.0134550 0.0073476 0.9974338
1341839857.361866 0.1015069 -0.8759283 0.8136165 -0.0245302 -0.0316544 -0.0237622 0.9989153
1341839857.429949 0.1013133 -0.8746715 0.8170716 -0.0237891 -0.0294236 -0.0242978 0.9989884
1341839857.594054 0.1013539 -0.8729378 0.8225228 -0.0091016 -0.0341359 -0.0221404 0.9991305
