1305031108.043418 0.0000000 0.0000000 0.0000000 0.0000000 0.0000000 0.0000000 1.0000000
1305031108.075352 0.0063211 -0.0017846 0.0020063 -0.0000551 0.0091499 0.0054098 0.9999435
1305031108.111378 0.0108287 -0.0021601 0.0051321 0.0024120 0.0151874 0.0054357 0.9998670
1305031108.211475 0.0324264 0.0032410 0.0110174 -0.0010899 0.0221062 0.0086607 0.9997175
1305031108.811244 0.1599650 0.0178590 0.0399964 -0.0315067 0.0647189 0.0541524 0.9959349
1305031108.975268 0.1558256 0.0145778 0.0335150 -0.0182830 0.0519402 0.0701898 0.9960127
1305031110.843218 -0.2425566 0.0292311 0.0145803 -0.0924335 -0.1280099 -0.0531117 0.9860267
1305031112.379360 0.1051025 0.0165240 0.0433150 -0.0209478 0.0562047 0.0088858 0.9981599
1305031112.743245 0.1694213 0.0305604 0.0430864 -0.0139099 0.0553511 0.0696084 0.9959405
1305031113.011353 0.1403200 0.0292081 0.0451054 -0.0354905 0.0379309 0.0685458 0.9962947
1305031113.179343 0.1030715 0.0216165 0.0416531 -0.0449781 0.0283611 0.0555104 0.9970412
1305031114.843208 -0.2666512 0.0104047 0.0350887 -0.0346490 -0.1178378 -0.0507115 0.9911317
1305031114.979280 -0.2513170 0.0176090 0.0358686 -0.0382999 -0.1186859 -0.0519293 0.9908330
1305031115.111230 -0.2199609 0.0233182 0.0442949 -0.0490150 -0.1141475 -0.0509146 0.9909468
1305031116.311336 0.1191736 0.0418155 0.0950692 -0.0995768 0.0743826 0.1250502 0.9843343
1305031116.443369 0.1241198 0.0406105 0.0929784 -0.0952051 0.0910953 0.1409036 0.9812155
1305031116.611261 0.0990473 0.0322204 0.0885410 -0.0940027 0.0905192 0.1258188 0.9834325
1305031116.779298 0.0588740 0.0307034 0.0792771 -0.0930703 0.0597302 0.0772847 0.9908568
1305031120.115232 -0.0920285 0.1619194 0.0278457 -0.0965672 -0.0539094 0.0258781 0.9935285
1305031120.415445 -0.0879561 0.1139504 0.0402357 -0.0829921 -0.0539098 0.0191682 0.9949063
1305031121.714520 -0.0822155 -0.1113639 0.1187910 -0.0214538 -0.0668085 0.0178056 0.9973762
1305031122.114672 -0.0817913 -0.1063430 0.1194705 -0.0279363 -0.0688877 0.0191027 0.9970502
1305031123.411363 -0.0907788 0.1510235 0.0379339 -0.1065271 -0.0539603 0.0150498 0.9927304
1305031123.611335 -0.0874432 0.1799523 0.0330367 -0.1198228 -0.0485925 0.0303727 0.9911401
1305031123.783858 -0.0857122 0.1997011 0.0307207 -0.1334083 -0.0390182 0.0372278 0.9895928
1305031125.311493 -0.0805038 -0.0682061 0.1191802 -0.0342965 -0.0886918 0.0141012 0.9953686
1305031125.511316 -0.0816440 -0.0883725 0.1281763 -0.0333633 -0.0661391 0.0018763 0.9972507
1305031127.511356 -0.0760824 0.1030011 0.0709358 -0.0902981 -0.0775246 0.0283178 0.9924889
1305031127.947366 -0.0786524 0.0956757 0.0753722 -0.0874869 -0.0830071 0.0269115 0.9923365
1305031128.479296 -0.0785555 0.0862683 0.0833794 -0.0912285 -0.0850963 0.0257176 0.9918541
