1305031102.175304 0.0000000 0.0000000 0.0000000 0.0000000 0.0000000 0.0000000 1.0000000
1305031104.911534 0.0137433 -0.0243635 -0.0619946 0.0912750 0.0288534 0.0083390 0.9953727
1305031104.975202 0.0123843 -0.0184732 -0.0591556 0.0924676 0.0292764 0.0096621 0.9952383
1305031105.043373 0.0122151 -0.0137342 -0.0501414 0.0829566 0.0281157 0.0088767 0.9961169
1305031108.843264 0.2011992 -0.0044421 0.0534623 -0.0221056 0.0913670 0.0392840 0.9947966
1305031110.911333 -0.1943344 0.0249841 0.0468154 -0.0924934 -0.1069386 -0.0743927 0.9871549
1305031110.979345 -0.1865639 0.0290218 0.0480698 -0.0904306 -0.1094541 -0.0760655 0.9869428
1305031111.079283 -0.1746395 0.0299646 0.0492800 -0.0923489 -0.0964791 -0.0709259 0.9885004
1305031112.779310 0.2086432 0.0058101 0.0586841 -0.0141557 0.0858905 0.0502941 0.9949337
1305031112.879421 0.1987379 0.0083999 0.0616320 -0.0206633 0.0800410 0.0488464 0.9953796
1305031113.179343 0.1441054 0.0040230 0.0576322 -0.0362932 0.0545766 0.0338638 0.9972750
1305031114.879281 -0.2180300 0.0090537 0.0658584 -0.0331465 -0.0938788 -0.0716670 0.9924474
1305031116.479850 0.1667260 0.0147648 0.1074705 -0.0871485 0.1210116 0.1243236 0.9809715
1305031116.579313 0.1598517 0.0095054 0.0997845 -0.0874782 0.1153274 0.1134907 0.9829379
1305031116.679281 0.1505522 0.0022078 0.0891902 -0.0892527 0.0841717 0.0926940 0.9881077
1305031116.779298 0.1423694 -0.0050474 0.0770634 -0.0966652 0.0550169 0.0661823 0.9915891
1305031121.914931 -0.0386658 -0.1382255 0.1472059 -0.0291519 -0.0410711 0.0103633 0.9986771
1305031122.014256 -0.0377897 -0.1339731 0.1467629 -0.0294375 -0.0429458 0.0077120 0.9986138
1305031122.114672 -0.0376574 -0.1193235 0.1414990 -0.0249257 -0.0448635 -0.0031794 0.9986771
1305031123.579583 -0.0361956 0.1676337 0.0593611 -0.1103637 -0.0225569 0.0072594 0.9936088
1305031123.683753 -0.0346375 0.1762297 0.0574347 -0.1229203 -0.0154358 0.0095389 0.9922506
1305031123.883786 -0.0329132 0.1899492 0.0539031 -0.1286696 -0.0126806 0.0190299 0.9914238
1305031125.511316 -0.0411136 -0.0672219 0.1397055 0.0002148 -0.0377458 -0.0236762 0.9990068
1305031125.779348 -0.0419803 -0.0606124 0.1290542 0.0123618 -0.0401715 -0.0235199 0.9988394
1305031125.911305 -0.0433524 -0.0381620 0.1209304 0.0067476 -0.0415422 -0.0253539 0.9987922
1305031126.147432 -0.0328037 0.0064017 0.1133792 -0.0166026 -0.0642672 -0.0139854 0.9976966
1305031128.211447 -0.0264747 0.0774567 0.1067520 -0.0872248 -0.0580371 0.0093514 0.9944527
1305031128.479296 -0.0278393 0.0742513 0.1071305 -0.0867007 -0.0592314 0.0030874 0.9944673
1305031128.747363 -0.0281948 0.0716399 0.1059058 -0.0822317 -0.0593893 -0.0003888 0.9948421
