1311867170.462290 0.0000000 0.0000000 0.0000000 0.0000000 0.0000000 0.0000000 1.0000000
1311867181.062783 -0.3497529 0.0400235 -0.1037556 -0.0257740 -0.0836853 -0.0709344 0.9936301
1311867181.662857 -0.3234071 0.0366942 -0.1018768 -0.0285029 -0.0858347 -0.0621161 0.9939626
1311867181.862798 -0.3150708 0.0336532 -0.1033270 -0.0271773 -0.0866667 -0.0596172 0.9940805
1311867243.412082 -0.0733791 -0.0049315 0.1727698 -0.0306201 -0.0482403 -0.0551708 0.9968407
1311867247.743122 -0.0815751 -0.0114594 0.2963514 -0.0623076 -0.0282794 -0.0607014 0.9958079
1311867248.275529 -0.0754378 -0.0156672 0.2705172 -0.0534967 -0.0273078 -0.0630054 0.9962041
1311867263.180026 0.0360544 0.0044894 -0.6144303 0.0726917 -0.0324351 -0.0454027 0.9957924
1311867264.812115 0.0641322 0.0249687 -0.7015091 0.0862343 -0.0634189 -0.0712347 0.9916992
1311867266.848160 0.0669286 0.0311583 -0.7606267 0.1182234 -0.0542723 -0.0531573 0.9900768
1311867269.816455 0.0161594 0.0062028 -0.6229731 0.0496727 -0.0312888 -0.0572949 0.9966298
1311867281.485107 -0.0225835 -0.1124558 0.1355135 -0.0743235 -0.0275166 -0.0623627 0.9949019
1311867292.395350 -0.0148457 -0.1150494 0.2069400 -0.0726550 -0.0549074 -0.0641985 0.9937731
1311867292.720644 -0.0141191 -0.1147840 0.2075969 -0.0720931 -0.0563616 -0.0636264 0.9937694
